 &plot nbnd=  36, nks=   101 /
            0.353553  0.353553  0.353553
  -14.595  -14.595  -14.127  -14.127  -13.965  -13.965  -13.959  -13.959  -13.549  -13.549
  -13.075  -13.075  -12.976  -12.976  -12.807  -12.807  -12.656  -12.656  -12.647  -12.647
   -1.726   -1.726    0.877    0.877    5.709    5.709    6.117    6.117    6.765    6.765
   10.075   10.075   10.299   10.299   12.795   12.795
            0.346482  0.346482  0.346482
  -14.595  -14.595  -14.127  -14.127  -13.965  -13.965  -13.958  -13.958  -13.549  -13.549
  -13.075  -13.075  -12.976  -12.976  -12.807  -12.807  -12.656  -12.656  -12.646  -12.646
   -1.729   -1.729    0.882    0.882    5.709    5.709    6.117    6.117    6.766    6.766
   10.075   10.075   10.300   10.300   12.795   12.795
            0.339411  0.339411  0.339411
  -14.594  -14.594  -14.126  -14.126  -13.966  -13.966  -13.957  -13.957  -13.548  -13.548
  -13.075  -13.075  -12.976  -12.976  -12.807  -12.807  -12.656  -12.656  -12.646  -12.646
   -1.738   -1.738    0.896    0.896    5.712    5.712    6.120    6.120    6.768    6.768
   10.075   10.075   10.300   10.300   12.797   12.797
            0.332340  0.332340  0.332340
  -14.593  -14.593  -14.125  -14.125  -13.967  -13.967  -13.955  -13.955  -13.547  -13.547
  -13.074  -13.074  -12.975  -12.975  -12.806  -12.806  -12.656  -12.656  -12.645  -12.645
   -1.752   -1.752    0.919    0.919    5.715    5.715    6.123    6.123    6.771    6.771
   10.074   10.074   10.300   10.300   12.800   12.800
            0.325269  0.325269  0.325269
  -14.068  -14.068  -13.973  -13.973  -13.949  -13.949  -13.838  -13.838  -13.049  -13.049
  -12.996  -12.996  -12.820  -12.820  -12.749  -12.749  -12.606  -12.606  -12.536  -12.536
   -1.771   -1.771    0.955    0.955    5.720    5.720    6.128    6.128    6.787    6.787
   10.074   10.074   10.301   10.301   12.805   12.805
            0.318198  0.318198  0.318198
  -14.068  -14.068  -13.977  -13.977  -13.948  -13.948  -13.838  -13.838  -13.049  -13.049
  -13.001  -13.001  -12.821  -12.821  -12.748  -12.748  -12.606  -12.606  -12.536  -12.536
   -1.795   -1.795    0.996    0.996    5.726    5.726    6.134    6.134    6.792    6.792
   10.073   10.073   10.301   10.301   12.809   12.809
            0.311127  0.311127  0.311127
  -14.067  -14.067  -13.980  -13.980  -13.947  -13.947  -13.838  -13.838  -13.047  -13.047
  -13.006  -13.006  -12.822  -12.822  -12.747  -12.747  -12.606  -12.606  -12.535  -12.535
   -1.824   -1.824    1.044    1.044    5.734    5.734    6.142    6.142    6.799    6.799
   10.071   10.071   10.301   10.301   12.814   12.814
            0.304056  0.304056  0.304056
  -14.039  -14.039  -13.920  -13.920  -13.824  -13.824  -13.615  -13.615  -13.002  -13.002
  -12.886  -12.886  -12.738  -12.738  -12.666  -12.666  -12.517  -12.517  -12.481  -12.481
   -1.856   -1.856    1.100    1.100    5.743    5.743    6.151    6.151    6.806    6.806
   10.075   10.075   10.308   10.308   12.818   12.818
            0.296985  0.296985  0.296985
  -14.036  -14.036  -13.918  -13.918  -13.828  -13.828  -13.616  -13.616  -12.999  -12.999
  -12.890  -12.890  -12.736  -12.736  -12.668  -12.668  -12.516  -12.516  -12.482  -12.482
   -1.892   -1.892    1.163    1.163    5.753    5.753    6.162    6.162    6.815    6.815
   10.072   10.072   10.307   10.307   12.820   12.820
            0.289914  0.289914  0.289914
  -14.033  -14.033  -13.915  -13.915  -13.832  -13.832  -13.617  -13.617  -12.997  -12.997
  -12.894  -12.894  -12.735  -12.735  -12.669  -12.669  -12.515  -12.515  -12.483  -12.483
   -1.931   -1.931    1.233    1.233    5.765    5.765    6.174    6.174    6.825    6.825
   10.069   10.069   10.307   10.307   12.820   12.820
            0.282843  0.282843  0.282843
  -14.029  -14.029  -13.912  -13.912  -13.835  -13.835  -13.618  -13.618  -12.994  -12.994
  -12.896  -12.896  -12.733  -12.733  -12.671  -12.671  -12.514  -12.514  -12.484  -12.484
   -1.973   -1.973    1.308    1.308    5.778    5.778    6.187    6.187    6.836    6.836
   10.064   10.064   10.305   10.305   12.813   12.813
            0.275772  0.275772  0.275772
  -14.025  -14.025  -13.908  -13.908  -13.838  -13.838  -13.618  -13.618  -12.990  -12.990
  -12.899  -12.899  -12.731  -12.731  -12.672  -12.672  -12.513  -12.513  -12.484  -12.484
   -2.016   -2.016    1.389    1.389    5.792    5.792    6.201    6.201    6.848    6.848
   10.059   10.059   10.303   10.303   12.795   12.795
            0.268701  0.268701  0.268701
  -14.180  -14.180  -13.978  -13.978  -13.923  -13.923  -13.751  -13.751  -13.065  -13.065
  -13.064  -13.064  -12.818  -12.818  -12.756  -12.756  -12.541  -12.541  -12.507  -12.507
   -2.061   -2.061    1.474    1.474    5.808    5.808    6.217    6.217    6.861    6.861
   10.050   10.050   10.297   10.297   12.760   12.760
            0.261630  0.261630  0.261630
  -14.179  -14.179  -13.974  -13.974  -13.922  -13.922  -13.752  -13.752  -13.066  -13.066
  -13.062  -13.062  -12.820  -12.820  -12.754  -12.754  -12.540  -12.540  -12.506  -12.506
   -2.107   -2.107    1.565    1.565    5.825    5.825    6.234    6.234    6.875    6.875
   10.042   10.042   10.294   10.294   12.702   12.702
            0.254558  0.254558  0.254558
  -14.177  -14.177  -13.971  -13.971  -13.921  -13.921  -13.753  -13.753  -13.068  -13.068
  -13.059  -13.059  -12.821  -12.821  -12.751  -12.751  -12.540  -12.540  -12.505  -12.505
   -2.153   -2.153    1.659    1.659    5.843    5.843    6.253    6.253    6.891    6.891
   10.033   10.033   10.289   10.289   12.618   12.618
            0.247487  0.247487  0.247487
  -14.277  -14.277  -13.975  -13.975  -13.924  -13.924  -13.754  -13.754  -13.228  -13.228
  -13.063  -13.063  -12.823  -12.823  -12.814  -12.814  -12.620  -12.620  -12.533  -12.533
   -2.201   -2.201    1.755    1.755    5.862    5.862    6.272    6.272    6.907    6.907
   10.023   10.023   10.282   10.282   12.512   12.512
            0.240416  0.240416  0.240416
  -14.276  -14.276  -13.971  -13.971  -13.923  -13.923  -13.754  -13.754  -13.231  -13.231
  -13.059  -13.059  -12.823  -12.823  -12.812  -12.812  -12.618  -12.618  -12.533  -12.533
   -2.248   -2.248    1.857    1.857    5.883    5.883    6.293    6.293    6.924    6.924
   10.011   10.011   10.275   10.275   12.391   12.391
            0.233345  0.233345  0.233345
  -14.256  -14.256  -13.924  -13.924  -13.808  -13.808  -13.665  -13.665  -13.231  -13.231
  -13.042  -13.042  -12.769  -12.769  -12.743  -12.743  -12.616  -12.616  -12.480  -12.480
   -2.296   -2.296    1.963    1.963    5.905    5.905    6.316    6.316    6.943    6.943
    9.998    9.998   10.266   10.266   12.262   12.262
            0.226274  0.226274  0.226274
  -14.298  -14.298  -14.050  -14.050  -13.954  -13.954  -13.785  -13.785  -13.242  -13.242
  -13.126  -13.126  -12.919  -12.919  -12.849  -12.849  -12.717  -12.717  -12.495  -12.495
   -2.343   -2.343    2.071    2.071    5.928    5.928    6.339    6.339    6.961    6.961
    9.982    9.982   10.255   10.255   12.126   12.126
            0.219203  0.219203  0.219203
  -14.296  -14.296  -14.051  -14.051  -13.949  -13.949  -13.787  -13.787  -13.243  -13.243
  -13.123  -13.123  -12.919  -12.919  -12.850  -12.850  -12.714  -12.714  -12.495  -12.495
   -2.390   -2.390    2.182    2.182    5.952    5.952    6.364    6.364    6.981    6.981
    9.965    9.965   10.241   10.241   11.989   11.989
            0.212132  0.212132  0.212132
  -14.317  -14.317  -14.093  -14.093  -14.071  -14.071  -13.860  -13.860  -13.271  -13.271
  -13.220  -13.220  -13.048  -13.048  -12.942  -12.942  -12.901  -12.901  -12.586  -12.586
   -2.437   -2.437    2.295    2.295    5.976    5.976    6.388    6.388    7.001    7.001
    9.941    9.941   10.222   10.222   11.849   11.849
            0.205061  0.205061  0.205061
  -14.314  -14.314  -14.060  -14.060  -13.959  -13.959  -13.767  -13.767  -13.260  -13.260
  -13.204  -13.204  -12.950  -12.950  -12.936  -12.936  -12.823  -12.823  -12.581  -12.581
   -2.482   -2.482    2.411    2.411    6.002    6.002    6.415    6.415    7.023    7.023
    9.919    9.919   10.204   10.204   11.710   11.710
            0.197990  0.197990  0.197990
  -14.221  -14.221  -14.028  -14.028  -13.853  -13.853  -13.634  -13.634  -13.164  -13.164
  -13.158  -13.158  -12.931  -12.931  -12.886  -12.886  -12.591  -12.591  -12.446  -12.446
   -2.526   -2.526    2.530    2.530    6.031    6.031    6.445    6.445    7.046    7.046
    9.896    9.896   10.185   10.185   11.572   11.572
            0.190919  0.190919  0.190919
  -14.108  -14.108  -13.915  -13.915  -13.845  -13.845  -13.567  -13.567  -13.106  -13.106
  -12.931  -12.931  -12.899  -12.899  -12.674  -12.674  -12.556  -12.556  -12.380  -12.380
   -2.570   -2.570    2.651    2.651    6.061    6.061    6.475    6.475    7.068    7.068
    9.870    9.870   10.162   10.162   11.434   11.434
            0.183848  0.183848  0.183848
  -14.105  -14.105  -13.913  -13.913  -13.846  -13.846  -13.568  -13.568  -13.105  -13.105
  -12.928  -12.928  -12.900  -12.900  -12.673  -12.673  -12.559  -12.559  -12.379  -12.379
   -2.612   -2.612    2.774    2.774    6.090    6.090    6.505    6.505    7.090    7.090
    9.841    9.841   10.136   10.136   11.296   11.296
            0.176777  0.176777  0.176777
  -14.101  -14.101  -13.911  -13.911  -13.845  -13.845  -13.568  -13.568  -13.104  -13.104
  -12.925  -12.925  -12.901  -12.901  -12.673  -12.673  -12.561  -12.561  -12.378  -12.378
   -2.654   -2.654    2.898    2.898    6.120    6.120    6.536    6.536    7.113    7.113
    9.810    9.810   10.108   10.108   11.160   11.160
            0.169706  0.169706  0.169706
  -13.949  -13.949  -13.810  -13.810  -13.708  -13.708  -13.547  -13.547  -13.020  -13.020
  -12.731  -12.731  -12.726  -12.726  -12.647  -12.647  -12.543  -12.543  -12.350  -12.350
   -2.694   -2.694    3.025    3.025    6.151    6.151    6.568    6.568    7.137    7.137
    9.777    9.777   10.078   10.078   11.026   11.026
            0.162635  0.162635  0.162635
  -14.107  -14.107  -13.997  -13.997  -13.730  -13.730  -13.623  -13.623  -13.143  -13.143
  -12.874  -12.874  -12.753  -12.753  -12.706  -12.706  -12.568  -12.568  -12.407  -12.407
   -2.733   -2.733    3.152    3.152    6.179    6.179    6.597    6.597    7.160    7.160
    9.742    9.742   10.045   10.045   10.893   10.893
            0.155563  0.155563  0.155563
  -14.102  -14.102  -13.996  -13.996  -13.671  -13.671  -13.624  -13.624  -13.143  -13.143
  -12.872  -12.872  -12.708  -12.708  -12.678  -12.678  -12.570  -12.570  -12.391  -12.391
   -2.770   -2.770    3.280    3.280    6.211    6.211    6.630    6.630    7.183    7.183
    9.705    9.705   10.009   10.009   10.764   10.764
            0.148492  0.148492  0.148492
  -14.020  -14.020  -13.987  -13.987  -13.611  -13.611  -13.582  -13.582  -13.039  -13.039
  -12.858  -12.858  -12.704  -12.704  -12.593  -12.593  -12.537  -12.537  -12.361  -12.361
   -2.806   -2.806    3.412    3.412    6.243    6.243    6.664    6.664    7.206    7.206
    9.666    9.666    9.972    9.972   10.640   10.640
            0.141421  0.141421  0.141421
  -14.017  -14.017  -13.986  -13.986  -13.612  -13.612  -13.584  -13.584  -13.040  -13.040
  -12.854  -12.854  -12.705  -12.705  -12.591  -12.591  -12.539  -12.539  -12.360  -12.360
   -2.841   -2.841    3.542    3.542    6.276    6.276    6.699    6.699    7.226    7.226
    9.626    9.626    9.932    9.932   10.515   10.515
            0.134350  0.134350  0.134350
  -14.014  -14.014  -13.984  -13.984  -13.612  -13.612  -13.586  -13.586  -13.040  -13.040
  -12.851  -12.851  -12.706  -12.706  -12.588  -12.588  -12.542  -12.542  -12.359  -12.359
   -2.874   -2.874    3.673    3.673    6.309    6.309    6.734    6.734    7.245    7.245
    9.584    9.584    9.891    9.891   10.392   10.392
            0.127279  0.127279  0.127279
  -14.010  -14.010  -13.982  -13.982  -13.612  -13.612  -13.588  -13.588  -13.039  -13.039
  -12.847  -12.847  -12.707  -12.707  -12.585  -12.585  -12.544  -12.544  -12.357  -12.357
   -2.906   -2.906    3.805    3.805    6.342    6.342    6.769    6.769    7.263    7.263
    9.541    9.541    9.849    9.849   10.272   10.272
            0.120208  0.120208  0.120208
  -13.788  -13.788  -13.638  -13.638  -13.568  -13.568  -13.475  -13.475  -12.875  -12.875
  -12.624  -12.624  -12.571  -12.571  -12.387  -12.387  -12.248  -12.248  -12.239  -12.239
   -2.936   -2.936    3.937    3.937    6.379    6.379    6.809    6.809    7.280    7.280
    9.498    9.498    9.806    9.806   10.157   10.157
            0.113137  0.113137  0.113137
  -13.789  -13.789  -13.637  -13.637  -13.568  -13.568  -13.475  -13.475  -12.874  -12.874
  -12.623  -12.623  -12.571  -12.571  -12.387  -12.387  -12.249  -12.249  -12.239  -12.239
   -2.965   -2.965    4.069    4.069    6.411    6.411    6.844    6.844    7.294    7.294
    9.452    9.452    9.762    9.762   10.046   10.046
            0.106066  0.106066  0.106066
  -13.788  -13.788  -13.636  -13.636  -13.568  -13.568  -13.475  -13.475  -12.873  -12.873
  -12.623  -12.623  -12.571  -12.571  -12.385  -12.385  -12.249  -12.249  -12.238  -12.238
   -2.992   -2.992    4.201    4.201    6.442    6.442    6.879    6.879    7.305    7.305
    9.406    9.406    9.717    9.717    9.940    9.940
            0.098995  0.098995  0.098995
  -13.788  -13.788  -13.634  -13.634  -13.567  -13.567  -13.475  -13.475  -12.871  -12.871
  -12.622  -12.622  -12.570  -12.570  -12.384  -12.384  -12.249  -12.249  -12.237  -12.237
   -3.017   -3.017    4.332    4.332    6.473    6.473    6.914    6.914    7.314    7.314
    9.359    9.359    9.673    9.673    9.841    9.841
            0.091924  0.091924  0.091924
  -13.815  -13.815  -13.710  -13.710  -13.678  -13.678  -13.639  -13.639  -12.906  -12.906
  -12.780  -12.780  -12.624  -12.624  -12.485  -12.485  -12.361  -12.361  -12.306  -12.306
   -3.041   -3.041    4.462    4.462    6.500    6.500    6.946    6.946    7.319    7.319
    9.307    9.307    9.626    9.626    9.745    9.745
            0.084853  0.084853  0.084853
  -13.811  -13.811  -13.670  -13.670  -13.648  -13.648  -13.510  -13.510  -12.848  -12.848
  -12.754  -12.754  -12.623  -12.623  -12.478  -12.478  -12.292  -12.292  -12.195  -12.195
   -3.063   -3.063    4.593    4.593    6.528    6.528    6.981    6.981    7.323    7.323
    9.257    9.257    9.583    9.583    9.662    9.662
            0.077782  0.077782  0.077782
  -13.810  -13.810  -13.670  -13.670  -13.646  -13.646  -13.512  -13.512  -12.846  -12.846
  -12.755  -12.755  -12.621  -12.621  -12.476  -12.476  -12.294  -12.294  -12.197  -12.197
   -3.083   -3.083    4.720    4.720    6.553    6.553    7.013    7.013    7.322    7.322
    9.205    9.205    9.541    9.541    9.586    9.586
            0.070711  0.070711  0.070711
  -13.808  -13.808  -13.670  -13.670  -13.644  -13.644  -13.513  -13.513  -12.844  -12.844
  -12.755  -12.755  -12.619  -12.619  -12.473  -12.473  -12.296  -12.296  -12.198  -12.198
   -3.101   -3.101    4.844    4.844    6.575    6.575    7.044    7.044    7.317    7.317
    9.152    9.152    9.500    9.500    9.521    9.521
            0.063640  0.063640  0.063640
  -13.806  -13.806  -13.670  -13.670  -13.641  -13.641  -13.514  -13.514  -12.842  -12.842
  -12.755  -12.755  -12.617  -12.617  -12.469  -12.469  -12.297  -12.297  -12.198  -12.198
   -3.118   -3.118    4.966    4.966    6.593    6.593    7.074    7.074    7.309    7.309
    9.098    9.098    9.462    9.462    9.466    9.466
            0.056569  0.056569  0.056569
  -13.804  -13.804  -13.670  -13.670  -13.638  -13.638  -13.514  -13.514  -12.839  -12.839
  -12.754  -12.754  -12.614  -12.614  -12.465  -12.465  -12.298  -12.298  -12.199  -12.199
   -3.133   -3.133    5.084    5.084    6.607    6.607    7.102    7.102    7.298    7.298
    9.045    9.045    9.419    9.419    9.426    9.426
            0.049497  0.049497  0.049497
  -13.801  -13.801  -13.669  -13.669  -13.635  -13.635  -13.514  -13.514  -12.837  -12.837
  -12.753  -12.753  -12.610  -12.610  -12.461  -12.461  -12.299  -12.299  -12.199  -12.199
   -3.147   -3.147    5.197    5.197    6.616    6.616    7.127    7.127    7.285    7.285
    8.994    8.994    9.381    9.381    9.393    9.393
            0.042426  0.042426  0.042426
  -13.946  -13.946  -13.755  -13.755  -13.728  -13.728  -13.554  -13.554  -12.982  -12.982
  -12.842  -12.842  -12.751  -12.751  -12.553  -12.553  -12.309  -12.309  -12.250  -12.250
   -3.158   -3.158    5.303    5.303    6.616    6.616    7.146    7.146    7.270    7.270
    8.946    8.946    9.349    9.349    9.360    9.360
            0.035355  0.035355  0.035355
  -13.946  -13.946  -13.753  -13.753  -13.725  -13.725  -13.552  -13.552  -12.983  -12.983
  -12.838  -12.838  -12.747  -12.747  -12.548  -12.548  -12.309  -12.309  -12.248  -12.248
   -3.168   -3.168    5.401    5.401    6.614    6.614    7.166    7.166    7.255    7.255
    8.904    8.904    9.324    9.324    9.334    9.334
            0.028284  0.028284  0.028284
  -13.971  -13.971  -13.919  -13.919  -13.771  -13.771  -13.675  -13.675  -12.999  -12.999
  -12.949  -12.949  -12.862  -12.862  -12.591  -12.591  -12.422  -12.422  -12.394  -12.394
   -3.176   -3.176    5.488    5.488    6.606    6.606    7.181    7.181    7.242    7.242
    8.867    8.867    9.304    9.304    9.309    9.309
            0.021213  0.021213  0.021213
  -14.006  -14.006  -13.946  -13.946  -13.864  -13.864  -13.708  -13.708  -13.029  -13.029
  -12.963  -12.963  -12.948  -12.948  -12.638  -12.638  -12.438  -12.438  -12.429  -12.429
   -3.182   -3.182    5.562    5.562    6.595    6.595    7.194    7.194    7.230    7.230
    8.837    8.837    9.289    9.289    9.290    9.290
            0.014142  0.014142  0.014142
  -13.992  -13.992  -13.992  -13.992  -13.946  -13.946  -13.774  -13.774  -13.193  -13.193
  -12.922  -12.922  -12.816  -12.816  -12.627  -12.627  -12.564  -12.564  -12.564  -12.564
   -3.187   -3.187    5.619    5.619    6.582    6.582    7.203    7.203    7.217    7.217
    8.818    8.818    9.278    9.278    9.281    9.281
            0.007071  0.007071  0.007071
  -13.993  -13.993  -13.992  -13.992  -13.943  -13.943  -13.772  -13.772  -13.193  -13.193
  -12.919  -12.919  -12.814  -12.814  -12.626  -12.626  -12.565  -12.565  -12.565  -12.565
   -3.189   -3.189    5.655    5.655    6.573    6.573    7.209    7.209    7.212    7.212
    8.806    8.806    9.272    9.272    9.273    9.273
            0.000000  0.000000  0.000000
  -13.993  -13.993  -13.993  -13.993  -13.542  -13.542  -13.542  -13.542  -13.193  -13.193
  -12.565  -12.565  -12.565  -12.565  -12.560  -12.560  -12.560  -12.560  -12.471  -12.471
   -3.190   -3.190    5.668    5.668    6.570    6.570    7.211    7.211    7.211    7.211
    8.807    8.807    9.275    9.275    9.275    9.275
            0.000000  0.014142  0.000000
  -13.993  -13.993  -13.992  -13.992  -13.919  -13.919  -13.765  -13.765  -13.193  -13.193
  -12.905  -12.905  -12.891  -12.891  -12.601  -12.601  -12.565  -12.565  -12.565  -12.565
   -3.189   -3.189    5.651    5.651    6.574    6.574    7.203    7.203    7.218    7.218
    8.806    8.806    9.272    9.272    9.272    9.272
            0.000000  0.028284  0.000000
  -13.992  -13.992  -13.991  -13.991  -13.922  -13.922  -13.767  -13.767  -13.192  -13.192
  -12.908  -12.908  -12.894  -12.894  -12.602  -12.602  -12.565  -12.565  -12.563  -12.563
   -3.186   -3.186    5.604    5.604    6.584    6.584    7.181    7.181    7.240    7.240
    8.821    8.821    9.271    9.271    9.291    9.291
            0.000000  0.042426  0.000000
  -13.970  -13.970  -13.914  -13.914  -13.822  -13.822  -13.748  -13.748  -13.143  -13.143
  -12.853  -12.853  -12.786  -12.786  -12.591  -12.591  -12.559  -12.559  -12.407  -12.407
   -3.180   -3.180    5.532    5.532    6.592    6.592    7.146    7.146    7.280    7.280
    8.844    8.844    9.275    9.275    9.323    9.323
            0.000000  0.056569  0.000000
  -13.839  -13.839  -13.616  -13.616  -13.611  -13.611  -13.604  -13.604  -12.893  -12.893
  -12.630  -12.630  -12.621  -12.621  -12.465  -12.465  -12.441  -12.441  -12.313  -12.313
   -3.171   -3.171    5.441    5.441    6.596    6.596    7.105    7.105    7.338    7.338
    8.870    8.870    9.290    9.290    9.372    9.372
            0.000000  0.070711  0.000000
  -13.692  -13.692  -13.573  -13.573  -13.497  -13.497  -13.433  -13.433  -12.769  -12.769
  -12.500  -12.500  -12.486  -12.486  -12.363  -12.363  -12.346  -12.346  -12.188  -12.188
   -3.160   -3.160    5.338    5.338    6.588    6.588    7.053    7.053    7.413    7.413
    8.887    8.887    9.317    9.317    9.427    9.427
            0.000000  0.084853  0.000000
  -13.693  -13.693  -13.576  -13.576  -13.502  -13.502  -13.435  -13.435  -12.771  -12.771
  -12.506  -12.506  -12.489  -12.489  -12.362  -12.362  -12.345  -12.345  -12.192  -12.192
   -3.147   -3.147    5.225    5.225    6.564    6.564    6.989    6.989    7.499    7.499
    8.889    8.889    9.358    9.358    9.488    9.488
            0.000000  0.098995  0.000000
  -13.694  -13.694  -13.580  -13.580  -13.506  -13.506  -13.437  -13.437  -12.772  -12.772
  -12.511  -12.511  -12.492  -12.492  -12.361  -12.361  -12.343  -12.343  -12.195  -12.195
   -3.132   -3.132    5.106    5.106    6.530    6.530    6.919    6.919    7.594    7.594
    8.876    8.876    9.417    9.417    9.558    9.558
            0.000000  0.113137  0.000000
  -13.521  -13.521  -13.462  -13.462  -13.413  -13.413  -13.321  -13.321  -12.625  -12.625
  -12.439  -12.439  -12.397  -12.397  -12.182  -12.182  -12.158  -12.158  -12.134  -12.134
   -3.114   -3.114    4.983    4.983    6.488    6.488    6.846    6.846    7.697    7.697
    8.854    8.854    9.496    9.496    9.638    9.638
            0.000000  0.127279  0.000000
  -13.522  -13.522  -13.464  -13.464  -13.414  -13.414  -13.324  -13.324  -12.624  -12.624
  -12.441  -12.441  -12.402  -12.402  -12.183  -12.183  -12.159  -12.159  -12.133  -12.133
   -3.094   -3.094    4.855    4.855    6.438    6.438    6.769    6.769    7.804    7.804
    8.819    8.819    9.584    9.584    9.723    9.723
            0.000000  0.141421  0.000000
  -13.524  -13.524  -13.467  -13.467  -13.414  -13.414  -13.326  -13.326  -12.623  -12.623
  -12.441  -12.441  -12.407  -12.407  -12.185  -12.185  -12.159  -12.159  -12.131  -12.131
   -3.071   -3.071    4.725    4.725    6.383    6.383    6.690    6.690    7.912    7.912
    8.778    8.778    9.682    9.682    9.813    9.813
            0.000000  0.155563  0.000000
  -13.595  -13.595  -13.532  -13.532  -13.469  -13.469  -13.350  -13.350  -12.642  -12.642
  -12.618  -12.618  -12.444  -12.444  -12.348  -12.348  -12.164  -12.164  -12.163  -12.163
   -3.046   -3.046    4.593    4.593    6.324    6.324    6.609    6.609    8.021    8.021
    8.732    8.732    9.786    9.786    9.908    9.908
            0.000000  0.169706  0.000000
  -13.479  -13.479  -13.453  -13.453  -13.413  -13.413  -13.347  -13.347  -12.532  -12.532
  -12.496  -12.496  -12.408  -12.408  -12.296  -12.296  -12.164  -12.164  -12.131  -12.131
   -3.019   -3.019    4.460    4.460    6.265    6.265    6.530    6.530    8.129    8.129
    8.684    8.684    9.897    9.897   10.009   10.009
            0.000000  0.183848  0.000000
  -13.481  -13.481  -13.453  -13.453  -13.415  -13.415  -13.350  -13.350  -12.532  -12.532
  -12.502  -12.502  -12.406  -12.406  -12.295  -12.295  -12.166  -12.166  -12.130  -12.130
   -2.989   -2.989    4.326    4.326    6.201    6.201    6.449    6.449    8.234    8.234
    8.633    8.633   10.012   10.012   10.113   10.113
            0.000000  0.197990  0.000000
  -13.766  -13.766  -13.615  -13.615  -13.475  -13.475  -13.359  -13.359  -12.786  -12.786
  -12.723  -12.723  -12.461  -12.461  -12.369  -12.369  -12.262  -12.262  -12.171  -12.171
   -2.957   -2.957    4.190    4.190    6.130    6.130    6.362    6.362    8.335    8.335
    8.581    8.581   10.129   10.129   10.219   10.219
            0.000000  0.212132  0.000000
  -13.771  -13.771  -13.617  -13.617  -13.475  -13.475  -13.362  -13.362  -12.787  -12.787
  -12.728  -12.728  -12.460  -12.460  -12.369  -12.369  -12.263  -12.263  -12.173  -12.173
   -2.923   -2.923    4.054    4.054    6.064    6.064    6.281    6.281    8.432    8.432
    8.528    8.528   10.250   10.250   10.329   10.329
            0.000000  0.226274  0.000000
  -13.774  -13.774  -13.619  -13.619  -13.475  -13.475  -13.364  -13.364  -12.786  -12.786
  -12.732  -12.732  -12.459  -12.459  -12.369  -12.369  -12.264  -12.264  -12.174  -12.174
   -2.886   -2.886    3.918    3.918    5.998    5.998    6.202    6.202    8.476    8.476
    8.524    8.524   10.374   10.374   10.442   10.442
            0.000000  0.240416  0.000000
  -13.777  -13.777  -13.621  -13.621  -13.473  -13.473  -13.365  -13.365  -12.785  -12.785
  -12.736  -12.736  -12.457  -12.457  -12.369  -12.369  -12.264  -12.264  -12.175  -12.175
   -2.847   -2.847    3.782    3.782    5.931    5.931    6.123    6.123    8.424    8.424
    8.608    8.608   10.500   10.500   10.557   10.557
            0.000000  0.254558  0.000000
  -14.071  -14.071  -13.872  -13.872  -13.486  -13.486  -13.366  -13.366  -13.036  -13.036
  -12.829  -12.829  -12.607  -12.607  -12.428  -12.428  -12.382  -12.382  -12.177  -12.177
   -2.806   -2.806    3.645    3.645    5.861    5.861    6.042    6.042    8.373    8.373
    8.684    8.684   10.627   10.627   10.673   10.673
            0.000000  0.268701  0.000000
  -14.055  -14.055  -13.806  -13.806  -13.475  -13.475  -13.334  -13.334  -12.922  -12.922
  -12.798  -12.798  -12.589  -12.589  -12.362  -12.362  -12.340  -12.340  -11.968  -11.968
   -2.762   -2.762    3.512    3.512    5.796    5.796    5.966    5.966    8.326    8.326
    8.753    8.753   10.757   10.757   10.792   10.792
            0.000000  0.282843  0.000000
  -14.057  -14.057  -13.809  -13.809  -13.473  -13.473  -13.335  -13.335  -12.922  -12.922
  -12.801  -12.801  -12.592  -12.592  -12.361  -12.361  -12.335  -12.335  -11.968  -11.968
   -2.716   -2.716    3.376    3.376    5.732    5.732    5.892    5.892    8.277    8.277
    8.811    8.811   10.887   10.887   10.912   10.912
            0.000000  0.296985  0.000000
  -14.240  -14.240  -13.966  -13.966  -13.886  -13.886  -13.410  -13.410  -13.055  -13.055
  -13.002  -13.002  -12.850  -12.850  -12.567  -12.567  -12.544  -12.544  -12.017  -12.017
   -2.668   -2.668    3.240    3.240    5.666    5.666    5.817    5.817    8.230    8.230
    8.851    8.851   11.014   11.014   11.028   11.028
            0.000000  0.311127  0.000000
  -14.243  -14.243  -13.967  -13.967  -13.888  -13.888  -13.412  -13.412  -13.057  -13.057
  -13.005  -13.005  -12.852  -12.852  -12.569  -12.569  -12.547  -12.547  -12.018  -12.018
   -2.617   -2.617    3.104    3.104    5.604    5.604    5.746    5.746    8.184    8.184
    8.886    8.886   11.147   11.147   11.150   11.150
            0.000000  0.325269  0.000000
  -14.246  -14.246  -13.968  -13.968  -13.890  -13.890  -13.413  -13.413  -13.058  -13.058
  -13.008  -13.008  -12.854  -12.854  -12.570  -12.570  -12.549  -12.549  -12.019  -12.019
   -2.564   -2.564    2.969    2.969    5.543    5.543    5.678    5.678    8.141    8.141
    8.910    8.910   11.272   11.272   11.280   11.280
            0.000000  0.339411  0.000000
  -14.029  -14.029  -13.940  -13.940  -13.630  -13.630  -13.408  -13.408  -12.919  -12.919
  -12.845  -12.845  -12.773  -12.773  -12.568  -12.568  -12.280  -12.280  -12.017  -12.017
   -2.509   -2.509    2.839    2.839    5.487    5.487    5.613    5.613    8.099    8.099
    8.923    8.923   11.396   11.396   11.416   11.416
            0.000000  0.353553  0.000000
  -13.876  -13.876  -13.652  -13.652  -13.596  -13.596  -13.378  -13.378  -12.732  -12.732
  -12.639  -12.639  -12.629  -12.629  -12.477  -12.477  -12.254  -12.254  -11.971  -11.971
   -2.452   -2.452    2.705    2.705    5.430    5.430    5.549    5.549    8.061    8.061
    8.929    8.929   11.522   11.522   11.552   11.552
            0.000000  0.367696  0.000000
  -13.879  -13.879  -13.654  -13.654  -13.599  -13.599  -13.378  -13.378  -12.735  -12.735
  -12.642  -12.642  -12.635  -12.635  -12.479  -12.479  -12.257  -12.257  -11.972  -11.972
   -2.393   -2.393    2.572    2.572    5.374    5.374    5.486    5.486    8.024    8.024
    8.922    8.922   11.646   11.646   11.687   11.687
            0.000000  0.381838  0.000000
  -14.128  -14.128  -13.920  -13.920  -13.700  -13.700  -13.489  -13.489  -12.842  -12.842
  -12.740  -12.740  -12.731  -12.731  -12.568  -12.568  -12.328  -12.328  -12.037  -12.037
   -2.331   -2.331    2.438    2.438    5.319    5.319    5.424    5.424    7.987    7.987
    8.904    8.904   11.763   11.763   11.814   11.814
            0.000000  0.395980  0.000000
  -14.132  -14.132  -13.924  -13.924  -13.703  -13.703  -13.490  -13.490  -12.845  -12.845
  -12.743  -12.743  -12.733  -12.733  -12.572  -12.572  -12.332  -12.332  -12.039  -12.039
   -2.267   -2.267    2.305    2.305    5.267    5.267    5.366    5.366    7.955    7.955
    8.880    8.880   11.888   11.888   11.949   11.949
            0.000000  0.410122  0.000000
  -14.135  -14.135  -13.927  -13.927  -13.705  -13.705  -13.490  -13.490  -12.849  -12.849
  -12.747  -12.747  -12.734  -12.734  -12.575  -12.575  -12.335  -12.335  -12.040  -12.040
   -2.201   -2.201    2.174    2.174    5.217    5.217    5.310    5.310    7.925    7.925
    8.848    8.848   12.013   12.013   12.084   12.084
            0.000000  0.424264  0.000000
  -14.138  -14.138  -13.930  -13.930  -13.707  -13.707  -13.490  -13.490  -12.852  -12.852
  -12.749  -12.749  -12.735  -12.735  -12.577  -12.577  -12.339  -12.339  -12.041  -12.041
   -2.133   -2.133    2.043    2.043    5.169    5.169    5.256    5.256    7.897    7.897
    8.811    8.811   12.138   12.138   12.219   12.219
            0.000000  0.438406  0.000000
  -14.139  -14.139  -13.931  -13.931  -13.708  -13.708  -13.490  -13.490  -12.855  -12.855
  -12.751  -12.751  -12.736  -12.736  -12.580  -12.580  -12.342  -12.342  -12.042  -12.042
   -2.063   -2.063    1.912    1.912    5.123    5.123    5.205    5.205    7.872    7.872
    8.769    8.769   12.263   12.263   12.353   12.353
            0.000000  0.452548  0.000000
  -14.140  -14.140  -13.933  -13.933  -13.708  -13.708  -13.489  -13.489  -12.858  -12.858
  -12.753  -12.753  -12.736  -12.736  -12.581  -12.581  -12.344  -12.344  -12.043  -12.043
   -1.991   -1.991    1.783    1.783    5.079    5.079    5.156    5.156    7.850    7.850
    8.723    8.723   12.388   12.388   12.487   12.487
            0.000000  0.466690  0.000000
  -14.141  -14.141  -13.933  -13.933  -13.708  -13.708  -13.488  -13.488  -12.860  -12.860
  -12.754  -12.754  -12.735  -12.735  -12.583  -12.583  -12.347  -12.347  -12.043  -12.043
   -1.916   -1.916    1.655    1.655    5.038    5.038    5.109    5.109    7.830    7.830
    8.674    8.674   12.513   12.513   12.620   12.620
            0.000000  0.480833  0.000000
  -14.141  -14.141  -13.933  -13.933  -13.708  -13.708  -13.486  -13.486  -12.862  -12.862
  -12.755  -12.755  -12.734  -12.734  -12.583  -12.583  -12.348  -12.348  -12.043  -12.043
   -1.840   -1.840    1.527    1.527    4.998    4.998    5.065    5.065    7.813    7.813
    8.624    8.624   12.638   12.638   12.751   12.751
            0.000000  0.494975  0.000000
  -14.140  -14.140  -13.933  -13.933  -13.707  -13.707  -13.484  -13.484  -12.863  -12.863
  -12.755  -12.755  -12.733  -12.733  -12.584  -12.584  -12.350  -12.350  -12.043  -12.043
   -1.761   -1.761    1.400    1.400    4.962    4.962    5.023    5.023    7.798    7.798
    8.572    8.572   12.762   12.762   12.881   12.881
            0.000000  0.509117  0.000000
  -14.151  -14.151  -14.015  -14.015  -13.731  -13.731  -13.589  -13.589  -12.867  -12.867
  -12.797  -12.797  -12.783  -12.783  -12.683  -12.683  -12.357  -12.357  -12.219  -12.219
   -1.682   -1.682    1.275    1.275    4.927    4.927    4.984    4.984    7.783    7.783
    8.520    8.520   12.882   12.882   13.006   13.006
            0.000000  0.523259  0.000000
  -14.149  -14.149  -14.013  -14.013  -13.730  -13.730  -13.588  -13.588  -12.868  -12.868
  -12.794  -12.794  -12.781  -12.781  -12.684  -12.684  -12.358  -12.358  -12.220  -12.220
   -1.599   -1.599    1.150    1.150    4.895    4.895    4.947    4.947    7.774    7.774
    8.467    8.467   13.004   13.004   13.132   13.132
            0.000000  0.537401  0.000000
  -14.146  -14.146  -14.011  -14.011  -13.728  -13.728  -13.586  -13.586  -12.868  -12.868
  -12.791  -12.791  -12.779  -12.779  -12.685  -12.685  -12.359  -12.359  -12.221  -12.221
   -1.515   -1.515    1.027    1.027    4.865    4.865    4.913    4.913    7.768    7.768
    8.415    8.415   13.124   13.124   13.254   13.254
            0.000000  0.551543  0.000000
  -14.250  -14.250  -14.108  -14.108  -13.870  -13.870  -13.764  -13.764  -13.066  -13.066
  -12.969  -12.969  -12.895  -12.895  -12.783  -12.783  -12.432  -12.432  -12.256  -12.256
   -1.428   -1.428    0.904    0.904    4.837    4.837    4.881    4.881    7.764    7.764
    8.363    8.363   13.240   13.240   13.371   13.371
            0.000000  0.565685  0.000000
  -14.246  -14.246  -14.104  -14.104  -13.869  -13.869  -13.763  -13.763  -13.068  -13.068
  -12.967  -12.967  -12.891  -12.891  -12.783  -12.783  -12.430  -12.430  -12.257  -12.257
   -1.340   -1.340    0.783    0.783    4.812    4.812    4.852    4.852    7.763    7.763
    8.312    8.312   13.356   13.356   13.486   13.486
            0.000000  0.579828  0.000000
  -14.241  -14.241  -14.101  -14.101  -13.868  -13.868  -13.761  -13.761  -13.070  -13.070
  -12.965  -12.965  -12.887  -12.887  -12.783  -12.783  -12.429  -12.429  -12.258  -12.258
   -1.249   -1.249    0.663    0.663    4.790    4.790    4.825    4.825    7.765    7.765
    8.263    8.263   13.468   13.468   13.596   13.596
            0.000000  0.593970  0.000000
  -14.236  -14.236  -14.096  -14.096  -13.866  -13.866  -13.758  -13.758  -13.071  -13.071
  -12.962  -12.962  -12.883  -12.883  -12.783  -12.783  -12.427  -12.427  -12.259  -12.259
   -1.157   -1.157    0.544    0.544    4.770    4.770    4.801    4.801    7.770    7.770
    8.215    8.215   13.575   13.575   13.699   13.699
            0.000000  0.608112  0.000000
  -14.239  -14.239  -14.225  -14.225  -13.931  -13.931  -13.799  -13.799  -13.131  -13.131
  -13.035  -13.035  -13.018  -13.018  -12.801  -12.801  -12.484  -12.484  -12.261  -12.261
   -1.063   -1.063    0.426    0.426    4.753    4.753    4.780    4.780    7.778    7.778
    8.164    8.164   13.675   13.675   13.792   13.792
            0.000000  0.622254  0.000000
  -14.233  -14.233  -14.221  -14.221  -13.929  -13.929  -13.797  -13.797  -13.131  -13.131
  -13.032  -13.032  -13.015  -13.015  -12.800  -12.800  -12.483  -12.483  -12.261  -12.261
   -0.967   -0.967    0.310    0.310    4.738    4.738    4.761    4.761    7.789    7.789
    8.120    8.120   13.770   13.770   13.878   13.878
            0.000000  0.636396  0.000000
  -14.486  -14.486  -14.453  -14.453  -13.973  -13.973  -13.836  -13.836  -13.141  -13.141
  -13.062  -13.062  -13.040  -13.040  -12.789  -12.789  -12.452  -12.452  -12.178  -12.178
   -0.870   -0.870    0.195    0.195    4.725    4.725    4.744    4.744    7.802    7.802
    8.077    8.077   13.855   13.855   13.952   13.952
            0.000000  0.650538  0.000000
  -14.483  -14.483  -14.452  -14.452  -13.972  -13.972  -13.834  -13.834  -13.144  -13.144
  -13.060  -13.060  -13.038  -13.038  -12.790  -12.790  -12.451  -12.451  -12.179  -12.179
   -0.770   -0.770    0.082    0.082    4.715    4.715    4.731    4.731    7.819    7.819
    8.037    8.037   13.932   13.932   14.014   14.014
            0.000000  0.664680  0.000000
  -14.120  -14.120  -14.111  -14.111  -13.704  -13.704  -13.689  -13.689  -12.925  -12.925
  -12.913  -12.913  -12.641  -12.641  -12.641  -12.641  -12.128  -12.128  -12.125  -12.125
   -0.669   -0.669   -0.028   -0.028    4.709    4.709    4.721    4.721    7.839    7.839
    8.011    8.011   14.002   14.002   14.067   14.067
            0.000000  0.678823  0.000000
  -14.120  -14.120  -14.114  -14.114  -13.703  -13.703  -13.693  -13.693  -12.924  -12.924
  -12.916  -12.916  -12.642  -12.642  -12.642  -12.642  -12.129  -12.129  -12.126  -12.126
   -0.566   -0.566   -0.139   -0.139    4.704    4.704    4.712    4.712    7.861    7.861
    7.976    7.976   14.054   14.054   14.099   14.099
            0.000000  0.692965  0.000000
  -14.119  -14.119  -14.116  -14.116  -13.701  -13.701  -13.696  -13.696  -12.923  -12.923
  -12.919  -12.919  -12.643  -12.643  -12.643  -12.643  -12.129  -12.129  -12.128  -12.128
   -0.462   -0.462   -0.248   -0.248    4.702    4.702    4.706    4.706    7.886    7.886
    7.943    7.943   14.091   14.091   14.114   14.114
            0.000000  0.707107  0.000000
  -14.118  -14.118  -14.118  -14.118  -13.698  -13.698  -13.698  -13.698  -12.921  -12.921
  -12.921  -12.921  -12.643  -12.643  -12.643  -12.643  -12.128  -12.128  -12.128  -12.128
   -0.356   -0.356   -0.356   -0.356    4.703    4.703    4.703    4.703    7.913    7.913
    7.913    7.913   14.111   14.111   14.111   14.111
