  0.00000000E+00  0.15652290E+02
  0.12965032E-01  0.15649585E+02
  0.25930063E-01  0.15638706E+02
  0.38895095E-01  0.15619038E+02
  0.51860126E-01  0.15589576E+02
  0.64825158E-01  0.15548319E+02
  0.77790189E-01  0.15490842E+02
  0.90755221E-01  0.15406881E+02
  0.10372025E+00  0.15273898E+02
  0.11668528E+00  0.15053915E+02
  0.12965032E+00  0.14710625E+02
  0.14261535E+00  0.14235409E+02
  0.15558038E+00  0.13646482E+02
  0.16854541E+00  0.12970258E+02
  0.18151044E+00  0.12229792E+02
  0.19447547E+00  0.11442667E+02
  0.20744050E+00  0.10622242E+02
  0.22040554E+00  0.97791399E+01
  0.23337057E+00  0.89222537E+01
  0.24633560E+00  0.80593527E+01
  0.25930063E+00  0.71974217E+01
  0.27226566E+00  0.63428464E+01
  0.28523069E+00  0.55015102E+01
  0.29819573E+00  0.46788405E+01
  0.31116076E+00  0.38798257E+01
  0.32412579E+00  0.31090170E+01
  0.33709082E+00  0.23705227E+01
  0.35005585E+00  0.16679986E+01
  0.36302088E+00  0.10046384E+01
  0.37598591E+00  0.38316627E+00
  0.38895095E+00 -0.19416790E+00
  0.40191598E+00 -0.72558983E+00
  0.41488101E+00 -0.12097976E+01
  0.42784604E+00 -0.16459545E+01
  0.44081107E+00 -0.20336767E+01
  0.45377610E+00 -0.23730178E+01
  0.46674114E+00 -0.26644481E+01
  0.47970617E+00 -0.29088307E+01
  0.49267120E+00 -0.31073941E+01
  0.50563623E+00 -0.32617010E+01
  0.51860126E+00 -0.33736152E+01
  0.53156629E+00 -0.34452661E+01
  0.54453132E+00 -0.34790110E+01
  0.55749636E+00 -0.34773966E+01
  0.57046139E+00 -0.34431202E+01
  0.58342642E+00 -0.33789897E+01
  0.59639145E+00 -0.32878849E+01
  0.60935648E+00 -0.31727194E+01
  0.62232151E+00 -0.30364036E+01
  0.63528655E+00 -0.28818099E+01
  0.64825158E+00 -0.27117400E+01
  0.66121661E+00 -0.25288953E+01
  0.67418164E+00 -0.23358494E+01
  0.68714667E+00 -0.21350252E+01
  0.70011170E+00 -0.19286749E+01
  0.71307673E+00 -0.17188641E+01
  0.72604177E+00 -0.15074595E+01
  0.73900680E+00 -0.12961216E+01
  0.75197183E+00 -0.10863005E+01
  0.76493686E+00 -0.87923558E+00
  0.77790189E+00 -0.67595951E+00
  0.79086692E+00 -0.47730505E+00
  0.80383196E+00 -0.28391504E+00
  0.81679699E+00 -0.96254891E-01
  0.82976202E+00  0.85372814E-01
  0.84272705E+00  0.26081215E+00
  0.85569208E+00  0.43003661E+00
  0.86865711E+00  0.59313127E+00
  0.88162214E+00  0.75027477E+00
  0.89458718E+00  0.90172153E+00
  0.90755221E+00  0.10477846E+01
  0.92051724E+00  0.11888192E+01
  0.93348227E+00  0.13252076E+01
  0.94644730E+00  0.14573445E+01
  0.95941233E+00  0.15856248E+01
  0.97237737E+00  0.17104317E+01
  0.98534240E+00  0.18321266E+01
  0.99830743E+00  0.19510403E+01
  0.10112725E+01  0.20674657E+01
  0.10242375E+01  0.21816515E+01
  0.10372025E+01  0.22937973E+01
  0.10501676E+01  0.24040495E+01
  0.10631326E+01  0.25124987E+01
  0.10760976E+01  0.26191771E+01
  0.10890626E+01  0.27240570E+01
  0.11020277E+01  0.28270488E+01
  0.11149927E+01  0.29279990E+01
  0.11279577E+01  0.30266870E+01
  0.11409228E+01  0.31228199E+01
  0.11538878E+01  0.32160244E+01
  0.11668528E+01  0.33058351E+01
  0.11798179E+01  0.33916774E+01
  0.11927829E+01  0.34728451E+01
  0.12057479E+01  0.35484719E+01
  0.12187130E+01  0.36175021E+01
  0.12316780E+01  0.36786676E+01
  0.12446430E+01  0.37304899E+01
  0.12576081E+01  0.37713351E+01
  0.12705731E+01  0.37995521E+01
  0.12835381E+01  0.38137087E+01
  0.12965536E+01  0.38128798E+01
  0.13095690E+01  0.37941966E+01
  0.13225845E+01  0.37668247E+01
  0.13355999E+01  0.37317917E+01
  0.13486154E+01  0.36901313E+01
  0.13616309E+01  0.36428140E+01
  0.13746463E+01  0.35907135E+01
  0.13876618E+01  0.35345973E+01
  0.14006772E+01  0.34751341E+01
  0.14136927E+01  0.34129081E+01
  0.14267081E+01  0.33484345E+01
  0.14397236E+01  0.32821744E+01
  0.14527390E+01  0.32145470E+01
  0.14657545E+01  0.31459383E+01
  0.14787700E+01  0.30767073E+01
  0.14917854E+01  0.30071898E+01
  0.15048009E+01  0.29376995E+01
  0.15178163E+01  0.28685280E+01
  0.15308318E+01  0.27999437E+01
  0.15438472E+01  0.27321894E+01
  0.15568627E+01  0.26654804E+01
  0.15698781E+01  0.26000017E+01
  0.15828936E+01  0.25359063E+01
  0.15959091E+01  0.24733131E+01
  0.16089245E+01  0.24123060E+01
  0.16219400E+01  0.23529335E+01
  0.16349554E+01  0.22952091E+01
  0.16479709E+01  0.22391125E+01
  0.16609863E+01  0.21845916E+01
  0.16740018E+01  0.21315650E+01
  0.16870172E+01  0.20799255E+01
  0.17000327E+01  0.20295436E+01
  0.17130482E+01  0.19802717E+01
  0.17260636E+01  0.19319485E+01
  0.17390791E+01  0.18844033E+01
  0.17520945E+01  0.18374604E+01
  0.17651100E+01  0.17909433E+01
  0.17781254E+01  0.17446781E+01
  0.17911409E+01  0.16984976E+01
  0.18041563E+01  0.16522438E+01
  0.18171718E+01  0.16057707E+01
  0.18301873E+01  0.15589461E+01
  0.18432027E+01  0.15116530E+01
  0.18562182E+01  0.14637908E+01
  0.18692336E+01  0.14152760E+01
  0.18822491E+01  0.13660420E+01
  0.18952645E+01  0.13160392E+01
  0.19082800E+01  0.12652351E+01
  0.19212954E+01  0.12136132E+01
  0.19343109E+01  0.11611726E+01
  0.19473264E+01  0.11079280E+01
  0.19603418E+01  0.10539083E+01
  0.19733573E+01  0.99915675E+00
  0.19863727E+01  0.94373029E+00
  0.19993882E+01  0.88769912E+00
  0.20124036E+01  0.83114650E+00
  0.20254191E+01  0.77416840E+00
  0.20384345E+01  0.71687322E+00
  0.20514500E+01  0.65938131E+00
  0.20644655E+01  0.60182444E+00
  0.20774809E+01  0.54434493E+00
  0.20904964E+01  0.48709457E+00
  0.21035118E+01  0.43023310E+00
  0.21165273E+01  0.37392627E+00
  0.21295427E+01  0.31834343E+00
  0.21425582E+01  0.26365465E+00
  0.21555737E+01  0.21002733E+00
  0.21685891E+01  0.15762237E+00
  0.21816046E+01  0.10659000E+00
  0.21946200E+01  0.57065283E-01
  0.22076355E+01  0.91635082E-02
  0.22206509E+01 -0.37024361E-01
  0.22336664E+01 -0.81436067E-01
  0.22466818E+01 -0.12404199E+00
  0.22596973E+01 -0.16484846E+00
  0.22727128E+01 -0.20390021E+00
  0.22857282E+01 -0.24128177E+00
  0.22987437E+01 -0.27711767E+00
  0.23117591E+01 -0.31157117E+00
  0.23247746E+01 -0.34484158E+00
  0.23377900E+01 -0.37716003E+00
  0.23508055E+01 -0.40878369E+00
  0.23638209E+01 -0.43998855E+00
  0.23768364E+01 -0.47106101E+00
  0.23898519E+01 -0.50228836E+00
  0.24028673E+01 -0.53394867E+00
  0.24158828E+01 -0.56630023E+00
  0.24288982E+01 -0.59957129E+00
  0.24419137E+01 -0.63395019E+00
  0.24549291E+01 -0.66957662E+00
  0.24679446E+01 -0.70653431E+00
  0.24809600E+01 -0.74484544E+00
  0.24939755E+01 -0.78446716E+00
  0.25069910E+01 -0.82529034E+00
  0.25200064E+01 -0.86714050E+00
  0.25330219E+01 -0.90978100E+00
  0.25460373E+01 -0.95291815E+00
  0.25590528E+01 -0.99620815E+00
  0.25720682E+01 -0.10392652E+01
  0.25850837E+01 -0.10816710E+01
  0.25980991E+01 -0.11229843E+01
  0.26111146E+01 -0.11627509E+01
  0.26241301E+01 -0.12005138E+01
  0.26371455E+01 -0.12358224E+01
  0.26501610E+01 -0.12682412E+01
  0.26631764E+01 -0.12973574E+01
  0.26761919E+01 -0.13227879E+01
  0.26892073E+01 -0.13441843E+01
  0.27022228E+01 -0.13612376E+01
  0.27152382E+01 -0.13736815E+01
  0.27282537E+01 -0.13812940E+01
  0.27412692E+01 -0.13838986E+01
  0.27542846E+01 -0.13813646E+01
  0.27673001E+01 -0.13736058E+01
  0.27803155E+01 -0.13605793E+01
  0.27933310E+01 -0.13422834E+01
  0.28063464E+01 -0.13187545E+01
  0.28193619E+01 -0.12900645E+01
  0.28323773E+01 -0.12563173E+01
  0.28453928E+01 -0.12176452E+01
  0.28584083E+01 -0.11742053E+01
  0.28714237E+01 -0.11261760E+01
  0.28843359E+01 -0.10737533E+01
  0.28972481E+01 -0.10891742E+01
  0.29101603E+01 -0.10985348E+01
  0.29230725E+01 -0.11028494E+01
  0.29359847E+01 -0.11031803E+01
  0.29488969E+01 -0.11006229E+01
  0.29618091E+01 -0.10962893E+01
  0.29747213E+01 -0.10912917E+01
  0.29876335E+01 -0.10867248E+01
  0.30005457E+01 -0.10836466E+01
  0.30134579E+01 -0.10830585E+01
  0.30263701E+01 -0.10858829E+01
  0.30392823E+01 -0.10929398E+01
  0.30521945E+01 -0.11049210E+01
  0.30651067E+01 -0.11223628E+01
  0.30780189E+01 -0.11456180E+01
  0.30909311E+01 -0.11748269E+01
  0.31038433E+01 -0.12098891E+01
  0.31167555E+01 -0.12504375E+01
  0.31296677E+01 -0.12958147E+01
  0.31425799E+01 -0.13450554E+01
  0.31554921E+01 -0.13968739E+01
  0.31684043E+01 -0.14496599E+01
  0.31813165E+01 -0.15014824E+01
  0.31942287E+01 -0.15501036E+01
  0.32071409E+01 -0.15930011E+01
  0.32200531E+01 -0.16273999E+01
  0.32329653E+01 -0.16503125E+01
  0.32458775E+01 -0.16585865E+01
  0.32587897E+01 -0.16489576E+01
  0.32717019E+01 -0.16181074E+01
  0.32846141E+01 -0.15627240E+01
  0.32975263E+01 -0.14795644E+01
  0.33104385E+01 -0.13655161E+01
  0.33233507E+01 -0.12176587E+01
  0.33362629E+01 -0.10333219E+01
  0.33491751E+01 -0.81014171E+00
  0.33620873E+01 -0.54611201E+00
  0.33749995E+01 -0.23963169E+00
  0.33879117E+01  0.11045279E+00
  0.34008239E+01  0.50481033E+00
  0.34137361E+01  0.94359326E+00
  0.34266483E+01  0.14264111E+01
  0.34395605E+01  0.19523092E+01
  0.34524727E+01  0.25197531E+01
  0.34653849E+01  0.31266161E+01
  0.34782971E+01  0.37701716E+01
  0.34912093E+01  0.44470870E+01
  0.35041215E+01  0.51534179E+01
  0.35170337E+01  0.58846009E+01
  0.35299459E+01  0.66354401E+01
  0.35428581E+01  0.74000837E+01
  0.35557703E+01  0.81719860E+01
  0.35686825E+01  0.89438475E+01
  0.35815947E+01  0.97075331E+01
  0.35945069E+01  0.10453976E+02
  0.36074191E+01  0.11173105E+02
  0.36203313E+01  0.11853899E+02
  0.36332435E+01  0.12484777E+02
  0.36461557E+01  0.13054618E+02
  0.36590679E+01  0.13554625E+02
  0.36719801E+01  0.13980613E+02
  0.36848923E+01  0.14334454E+02
  0.36978045E+01  0.14623442E+02
  0.37107167E+01  0.14857844E+02
  0.37236289E+01  0.15048205E+02
  0.37365411E+01  0.15203664E+02
  0.37494533E+01  0.15331400E+02
  0.37623655E+01  0.15436756E+02
  0.37752777E+01  0.15523612E+02
  0.37881899E+01  0.15594774E+02
  0.38011703E+01  0.15652290E+02
  0.38141507E+01  0.15592882E+02
  0.38271311E+01  0.15526291E+02
  0.38401115E+01  0.15451272E+02
  0.38530919E+01  0.15365648E+02
  0.38660723E+01  0.15265825E+02
  0.38790527E+01  0.15146026E+02
  0.38920331E+01  0.14997190E+02
  0.39050135E+01  0.14805759E+02
  0.39179939E+01  0.14553496E+02
  0.39309743E+01  0.14220614E+02
  0.39439547E+01  0.13793068E+02
  0.39569351E+01  0.13269088E+02
  0.39699155E+01  0.12658554E+02
  0.39828959E+01  0.11977005E+02
  0.39958763E+01  0.11240410E+02
  0.40088567E+01  0.10462927E+02
  0.40218371E+01  0.96565782E+01
  0.40348175E+01  0.88316098E+01
  0.40477979E+01  0.79969179E+01
  0.40607783E+01  0.71603886E+01
  0.40737587E+01  0.63291234E+01
  0.40867391E+01  0.55095809E+01
  0.40997195E+01  0.47076582E+01
  0.41126999E+01  0.39287351E+01
  0.41256803E+01  0.31776941E+01
  0.41386607E+01  0.24589272E+01
  0.41516411E+01  0.17763339E+01
  0.41646215E+01  0.11333166E+01
  0.41776019E+01  0.53277539E+00
  0.41905823E+01 -0.22896509E-01
  0.42035627E+01 -0.53181402E+00
  0.42165431E+01 -0.99259856E+00
  0.42295235E+01 -0.14043724E+01
  0.42425039E+01 -0.17667486E+01
  0.42554843E+01 -0.20798169E+01
  0.42684647E+01 -0.23441252E+01
  0.42814451E+01 -0.25606561E+01
  0.42944255E+01 -0.27308008E+01
  0.43074059E+01 -0.28563273E+01
  0.43203863E+01 -0.29393465E+01
  0.43333667E+01 -0.29822746E+01
  0.43463471E+01 -0.29877924E+01
  0.43593275E+01 -0.29588030E+01
  0.43723079E+01 -0.28983866E+01
  0.43852883E+01 -0.28097554E+01
  0.43982687E+01 -0.26962062E+01
  0.44112491E+01 -0.25610743E+01
  0.44242295E+01 -0.24076875E+01
  0.44372099E+01 -0.22393211E+01
  0.44501903E+01 -0.20591557E+01
  0.44631707E+01 -0.18702381E+01
  0.44761511E+01 -0.16754448E+01
  0.44891315E+01 -0.14774516E+01
  0.45021119E+01 -0.12787076E+01
  0.45150923E+01 -0.10814146E+01
  0.45280727E+01 -0.88751380E+00
  0.45410531E+01 -0.69867753E+00
  0.45540335E+01 -0.51630812E+00
  0.45670139E+01 -0.34154217E+00
  0.45799943E+01 -0.17526024E+00
  0.45929747E+01 -0.18101124E-01
  0.46059551E+01  0.12952025E+00
  0.46189355E+01  0.26739218E+00
  0.46319159E+01  0.39548383E+00
  0.46448963E+01  0.51392199E+00
  0.46578767E+01  0.62296779E+00
  0.46708571E+01  0.72299406E+00
  0.46838375E+01  0.81446386E+00
  0.46968179E+01  0.89791048E+00
  0.47097983E+01  0.97391934E+00
  0.47227787E+01  0.10431118E+01
  0.47357591E+01  0.11061309E+01
  0.47487395E+01  0.11636292E+01
  0.47617199E+01  0.12162587E+01
  0.47747003E+01  0.12646620E+01
  0.47876807E+01  0.13094662E+01
  0.48006611E+01  0.13512769E+01
  0.48136415E+01  0.13906755E+01
  0.48266219E+01  0.14282156E+01
  0.48396023E+01  0.14644226E+01
  0.48525827E+01  0.14997923E+01
  0.48655631E+01  0.15347915E+01
  0.48785435E+01  0.15698583E+01
  0.48915239E+01  0.16054033E+01
  0.49045044E+01  0.16418100E+01
  0.49174848E+01  0.16794362E+01
  0.49304652E+01  0.17186138E+01
  0.49434456E+01  0.17596495E+01
  0.49564260E+01  0.18028233E+01
  0.49694064E+01  0.18483875E+01
  0.49823868E+01  0.18965641E+01
  0.49953672E+01  0.19475414E+01
  0.50083476E+01  0.20014690E+01
  0.50213280E+01  0.20584524E+01
  0.50343084E+01  0.21185462E+01
  0.50472888E+01  0.21817455E+01
  0.50602692E+01  0.22479775E+01
  0.50732496E+01  0.23170905E+01
  0.50862300E+01  0.23888439E+01
  0.50992104E+01  0.24628961E+01
  0.51121908E+01  0.25387939E+01
  0.51251712E+01  0.26159618E+01
  0.51381516E+01  0.26936941E+01
  0.51511320E+01  0.27711510E+01
  0.51641124E+01  0.28473618E+01
  0.51770928E+01  0.29212379E+01
  0.51900732E+01  0.29915997E+01
  0.52030536E+01  0.30572215E+01
  0.52160340E+01  0.31168940E+01
  0.52290144E+01  0.31695040E+01
  0.52419948E+01  0.32141210E+01
  0.52549752E+01  0.32500802E+01
  0.52679556E+01  0.32770429E+01
  0.52809360E+01  0.32950237E+01
  0.52939164E+01  0.33043772E+01
  0.53068968E+01  0.33057502E+01
  0.53198772E+01  0.33000103E+01
  0.53328576E+01  0.32881680E+01
  0.53458380E+01  0.32713032E+01
  0.53588184E+01  0.32505050E+01
  0.53717988E+01  0.32268264E+01
  0.53847792E+01  0.32012541E+01
  0.53977596E+01  0.31746904E+01
  0.54107400E+01  0.31479426E+01
  0.54237204E+01  0.31217193E+01
  0.54367008E+01  0.30966301E+01
  0.54496812E+01  0.30731871E+01
  0.54626616E+01  0.30518082E+01
  0.54756420E+01  0.30328207E+01
  0.54886224E+01  0.30164654E+01
  0.55016028E+01  0.30029010E+01
  0.55145832E+01  0.29922084E+01
  0.55275636E+01  0.29843960E+01
  0.55405440E+01  0.29794045E+01
  0.55535244E+01  0.29771122E+01
  0.55665048E+01  0.29773413E+01
  0.55794852E+01  0.29798642E+01
  0.55924656E+01  0.29844111E+01
  0.56054460E+01  0.29906778E+01
  0.56184264E+01  0.29983349E+01
  0.56314068E+01  0.30070381E+01
  0.56443872E+01  0.30164401E+01
  0.56573676E+01  0.30262024E+01
  0.56703480E+01  0.30360092E+01
  0.56833284E+01  0.30455809E+01
  0.56963088E+01  0.30546875E+01
  0.57092892E+01  0.30631600E+01
  0.57222696E+01  0.30709001E+01
  0.57352500E+01  0.30778852E+01
  0.57482304E+01  0.30841697E+01
  0.57612108E+01  0.30898806E+01
  0.57741912E+01  0.30952091E+01
  0.57871716E+01  0.31003977E+01
  0.58001520E+01  0.31057251E+01
  0.58131324E+01  0.31114895E+01
  0.58261128E+01  0.31179921E+01
  0.58390932E+01  0.31255223E+01
  0.58520736E+01  0.31343446E+01
  0.58650540E+01  0.31446882E+01
  0.58780344E+01  0.31567399E+01
  0.58910148E+01  0.31706385E+01
  0.59039952E+01  0.31864716E+01
  0.59169756E+01  0.32042743E+01
  0.59299560E+01  0.32240283E+01
  0.59429364E+01  0.32456614E+01
  0.59559168E+01  0.32690467E+01
  0.59688972E+01  0.32940014E+01
  0.59818776E+01  0.33202828E+01
  0.59948580E+01  0.33475834E+01
  0.60078384E+01  0.33755222E+01
  0.60208188E+01  0.34036332E+01
  0.60337992E+01  0.34313518E+01
  0.60467642E+01  0.34579994E+01
  0.60597293E+01  0.33637594E+01
  0.60726943E+01  0.32704677E+01
  0.60856593E+01  0.31788952E+01
  0.60986244E+01  0.30896127E+01
  0.61115894E+01  0.30030593E+01
  0.61245544E+01  0.29195793E+01
  0.61375195E+01  0.28394423E+01
  0.61504845E+01  0.27628535E+01
  0.61634495E+01  0.26899608E+01
  0.61764146E+01  0.26208582E+01
  0.61893796E+01  0.25555883E+01
  0.62023446E+01  0.24941452E+01
  0.62153097E+01  0.24364768E+01
  0.62282747E+01  0.23824884E+01
  0.62412397E+01  0.23320461E+01
  0.62542048E+01  0.22849823E+01
  0.62671698E+01  0.22411012E+01
  0.62801348E+01  0.22001855E+01
  0.62930998E+01  0.21620032E+01
  0.63060649E+01  0.21263157E+01
  0.63190299E+01  0.20928852E+01
  0.63319949E+01  0.20614821E+01
  0.63449600E+01  0.20318924E+01
  0.63579250E+01  0.20039234E+01
  0.63708900E+01  0.19774088E+01
  0.63838551E+01  0.19522128E+01
  0.63968201E+01  0.19282321E+01
  0.64097851E+01  0.19053973E+01
  0.64227502E+01  0.18836723E+01
  0.64357152E+01  0.18630532E+01
  0.64486802E+01  0.18435651E+01
  0.64616453E+01  0.18252598E+01
  0.64746103E+01  0.18082110E+01
  0.64875753E+01  0.17925105E+01
  0.65005404E+01  0.17782639E+01
  0.65135054E+01  0.17655857E+01
  0.65264704E+01  0.17545957E+01
  0.65394354E+01  0.17454146E+01
  0.65524005E+01  0.17381605E+01
  0.65653655E+01  0.17329457E+01
  0.65783305E+01  0.17298738E+01
  0.65912956E+01  0.17290376E+01
  0.66042606E+01  0.17305167E+01
  0.66172256E+01  0.17343768E+01
  0.66301907E+01  0.17406680E+01
  0.66431557E+01  0.17494242E+01
  0.66561207E+01  0.17606631E+01
  0.66690858E+01  0.17743861E+01
  0.66820508E+01  0.17905782E+01
  0.66950158E+01  0.18092090E+01
  0.67079809E+01  0.18302330E+01
  0.67209459E+01  0.18535904E+01
  0.67339109E+01  0.18792081E+01
  0.67468760E+01  0.19070011E+01
  0.67598410E+01  0.19368729E+01
  0.67728060E+01  0.19687177E+01
  0.67857710E+01  0.20024211E+01
  0.67987361E+01  0.20378621E+01
  0.68117011E+01  0.20749151E+01
  0.68246661E+01  0.21134516E+01
  0.68376312E+01  0.21533435E+01
  0.68505962E+01  0.21944652E+01
  0.68635612E+01  0.22366975E+01
  0.68765263E+01  0.22799310E+01
  0.68894913E+01  0.23240700E+01
  0.69024563E+01  0.23690369E+01
  0.69154214E+01  0.24147760E+01
  0.69283864E+01  0.24612572E+01
  0.69413514E+01  0.25084796E+01
  0.69543165E+01  0.25564733E+01
  0.69672815E+01  0.26053006E+01
  0.69802465E+01  0.26550556E+01
  0.69932116E+01  0.27058612E+01
  0.70061766E+01  0.27578653E+01
  0.70191416E+01  0.28112335E+01
  0.70321066E+01  0.28661407E+01
  0.70450717E+01  0.29227603E+01
  0.70580367E+01  0.29812512E+01
  0.70710017E+01  0.30417440E+01
  0.70839668E+01  0.31043244E+01
  0.70969318E+01  0.31690159E+01
  0.71098968E+01  0.32357599E+01
  0.71228619E+01  0.33043940E+01
  0.71358269E+01  0.33746253E+01
  0.71487919E+01  0.34459995E+01
  0.71617570E+01  0.35178621E+01
  0.71747220E+01  0.35893103E+01
  0.71876870E+01  0.36591355E+01
  0.72006521E+01  0.37257642E+01
  0.72136171E+01  0.37872189E+01
  0.72265821E+01  0.38411507E+01
  0.72395472E+01  0.38850305E+01
  0.72525122E+01  0.39165710E+01
  0.72654772E+01  0.39343234E+01
  0.72784422E+01  0.39381649E+01
  0.72914073E+01  0.39293384E+01
  0.73043723E+01  0.39100105E+01
  0.73173373E+01  0.38826618E+01
  0.73303024E+01  0.38496278E+01
  0.73432674E+01  0.38128798E+01
  
  0.00000000E+00  0.15652290E+02
  0.12965032E-01  0.15665800E+02
  0.25930063E-01  0.15674823E+02
  0.38895095E-01  0.15678627E+02
  0.51860126E-01  0.15676160E+02
  0.64825158E-01  0.15665872E+02
  0.77790189E-01  0.15645501E+02
  0.90755221E-01  0.15612223E+02
  0.10372025E+00  0.15564343E+02
  0.11668528E+00  0.15504403E+02
  0.12965032E+00  0.15437958E+02
  0.14261535E+00  0.15368507E+02
  0.15558038E+00  0.15296878E+02
  0.16854541E+00  0.15222966E+02
  0.18151044E+00  0.15146583E+02
  0.19447547E+00  0.15067629E+02
  0.20744050E+00  0.14986086E+02
  0.22040554E+00  0.14901979E+02
  0.23337057E+00  0.14815348E+02
  0.24633560E+00  0.14726225E+02
  0.25930063E+00  0.14634625E+02
  0.27226566E+00  0.14540540E+02
  0.28523069E+00  0.14443930E+02
  0.29819573E+00  0.14344731E+02
  0.31116076E+00  0.14242857E+02
  0.32412579E+00  0.14138210E+02
  0.33709082E+00  0.14030695E+02
  0.35005585E+00  0.13920231E+02
  0.36302088E+00  0.13806771E+02
  0.37598591E+00  0.13690316E+02
  0.38895095E+00  0.13570921E+02
  0.40191598E+00  0.13448705E+02
  0.41488101E+00  0.13323849E+02
  0.42784604E+00  0.13196589E+02
  0.44081107E+00  0.13067206E+02
  0.45377610E+00  0.12936013E+02
  0.46674114E+00  0.12803346E+02
  0.47970617E+00  0.12669545E+02
  0.49267120E+00  0.12534948E+02
  0.50563623E+00  0.12399880E+02
  0.51860126E+00  0.12264641E+02
  0.53156629E+00  0.12129506E+02
  0.54453132E+00  0.11994714E+02
  0.55749636E+00  0.11860466E+02
  0.57046139E+00  0.11726922E+02
  0.58342642E+00  0.11594202E+02
  0.59639145E+00  0.11462379E+02
  0.60935648E+00  0.11331484E+02
  0.62232151E+00  0.11201502E+02
  0.63528655E+00  0.11072381E+02
  0.64825158E+00  0.10944025E+02
  0.66121661E+00  0.10816307E+02
  0.67418164E+00  0.10689068E+02
  0.68714667E+00  0.10562124E+02
  0.70011170E+00  0.10435273E+02
  0.71307673E+00  0.10308302E+02
  0.72604177E+00  0.10180995E+02
  0.73900680E+00  0.10053142E+02
  0.75197183E+00  0.99245456E+01
  0.76493686E+00  0.97950301E+01
  0.77790189E+00  0.96644494E+01
  0.79086692E+00  0.95326933E+01
  0.80383196E+00  0.93996927E+01
  0.81679699E+00  0.92654241E+01
  0.82976202E+00  0.91299118E+01
  0.84272705E+00  0.89932287E+01
  0.85569208E+00  0.88554953E+01
  0.86865711E+00  0.87168769E+01
  0.88162214E+00  0.85775796E+01
  0.89458718E+00  0.84378445E+01
  0.90755221E+00  0.82979411E+01
  0.92051724E+00  0.81581600E+01
  0.93348227E+00  0.80188052E+01
  0.94644730E+00  0.78801860E+01
  0.95941233E+00  0.77426097E+01
  0.97237737E+00  0.76063745E+01
  0.98534240E+00  0.74717634E+01
  0.99830743E+00  0.73390385E+01
  0.10112725E+01  0.72084382E+01
  0.10242375E+01  0.70801733E+01
  0.10372025E+01  0.69544271E+01
  0.10501676E+01  0.68313549E+01
  0.10631326E+01  0.67110866E+01
  0.10760976E+01  0.65937302E+01
  0.10890626E+01  0.64793772E+01
  0.11020277E+01  0.63681103E+01
  0.11149927E+01  0.62600127E+01
  0.11279577E+01  0.61551805E+01
  0.11409228E+01  0.60537378E+01
  0.11538878E+01  0.59558555E+01
  0.11668528E+01  0.58617747E+01
  0.11798179E+01  0.57718352E+01
  0.11927829E+01  0.56865094E+01
  0.12057479E+01  0.56064415E+01
  0.12187130E+01  0.55324869E+01
  0.12316780E+01  0.54657440E+01
  0.12446430E+01  0.54075603E+01
  0.12576081E+01  0.53594830E+01
  0.12705731E+01  0.53231255E+01
  0.12835381E+01  0.52999343E+01
  0.12965536E+01  0.52909013E+01
  0.13095690E+01  0.53145905E+01
  0.13225845E+01  0.53468128E+01
  0.13355999E+01  0.53866969E+01
  0.13486154E+01  0.54333941E+01
  0.13616309E+01  0.54861432E+01
  0.13746463E+01  0.55443004E+01
  0.13876618E+01  0.56073444E+01
  0.14006772E+01  0.56748640E+01
  0.14136927E+01  0.57465396E+01
  0.14267081E+01  0.58221220E+01
  0.14397236E+01  0.59014126E+01
  0.14527390E+01  0.59842458E+01
  0.14657545E+01  0.60704745E+01
  0.14787700E+01  0.61599583E+01
  0.14917854E+01  0.62525541E+01
  0.15048009E+01  0.63481092E+01
  0.15178163E+01  0.64464554E+01
  0.15308318E+01  0.65474047E+01
  0.15438472E+01  0.66507464E+01
  0.15568627E+01  0.67562448E+01
  0.15698781E+01  0.68636366E+01
  0.15828936E+01  0.69726307E+01
  0.15959091E+01  0.70829072E+01
  0.16089245E+01  0.71941173E+01
  0.16219400E+01  0.73058849E+01
  0.16349554E+01  0.74178081E+01
  0.16479709E+01  0.75294630E+01
  0.16609863E+01  0.76404086E+01
  0.16740018E+01  0.77501932E+01
  0.16870172E+01  0.78583636E+01
  0.17000327E+01  0.79644751E+01
  0.17130482E+01  0.80681039E+01
  0.17260636E+01  0.81688603E+01
  0.17390791E+01  0.82664022E+01
  0.17520945E+01  0.83604484E+01
  0.17651100E+01  0.84507899E+01
  0.17781254E+01  0.85372980E+01
  0.17911409E+01  0.86199295E+01
  0.18041563E+01  0.86987262E+01
  0.18171718E+01  0.87738106E+01
  0.18301873E+01  0.88453771E+01
  0.18432027E+01  0.89136794E+01
  0.18562182E+01  0.89790156E+01
  0.18692336E+01  0.90417130E+01
  0.18822491E+01  0.91021118E+01
  0.18952645E+01  0.91605511E+01
  0.19082800E+01  0.92173558E+01
  0.19212954E+01  0.92728269E+01
  0.19343109E+01  0.93272333E+01
  0.19473264E+01  0.93808066E+01
  0.19603418E+01  0.94337372E+01
  0.19733573E+01  0.94861734E+01
  0.19863727E+01  0.95382206E+01
  0.19993882E+01  0.95899425E+01
  0.20124036E+01  0.96413624E+01
  0.20254191E+01  0.96924648E+01
  0.20384345E+01  0.97431968E+01
  0.20514500E+01  0.97934689E+01
  0.20644655E+01  0.98431549E+01
  0.20774809E+01  0.98920890E+01
  0.20904964E+01  0.99400611E+01
  0.21035118E+01  0.99868077E+01
  0.21165273E+01  0.10031998E+02
  0.21295427E+01  0.10075212E+02
  0.21425582E+01  0.10115913E+02
  0.21555737E+01  0.10153414E+02
  0.21685891E+01  0.10186844E+02
  0.21816046E+01  0.10215149E+02
  0.21946200E+01  0.10237163E+02
  0.22076355E+01  0.10251801E+02
  0.22206509E+01  0.10258382E+02
  0.22336664E+01  0.10256914E+02
  0.22466818E+01  0.10248146E+02
  0.22596973E+01  0.10233327E+02
  0.22727128E+01  0.10213847E+02
  0.22857282E+01  0.10190968E+02
  0.22987437E+01  0.10165714E+02
  0.23117591E+01  0.10138855E+02
  0.23247746E+01  0.10110956E+02
  0.23377900E+01  0.10082417E+02
  0.23508055E+01  0.10053521E+02
  0.23638209E+01  0.10024469E+02
  0.23768364E+01  0.99953975E+01
  0.23898519E+01  0.99664043E+01
  0.24028673E+01  0.99375546E+01
  0.24158828E+01  0.99088918E+01
  0.24288982E+01  0.98804433E+01
  0.24419137E+01  0.98522248E+01
  0.24549291E+01  0.98242444E+01
  0.24679446E+01  0.97965059E+01
  0.24809600E+01  0.97690116E+01
  0.24939755E+01  0.97417653E+01
  0.25069910E+01  0.97147754E+01
  0.25200064E+01  0.96880568E+01
  0.25330219E+01  0.96616333E+01
  0.25460373E+01  0.96355384E+01
  0.25590528E+01  0.96098162E+01
  0.25720682E+01  0.95845209E+01
  0.25850837E+01  0.95597153E+01
  0.25980991E+01  0.95354686E+01
  0.26111146E+01  0.95118530E+01
  0.26241301E+01  0.94889398E+01
  0.26371455E+01  0.94667949E+01
  0.26501610E+01  0.94454734E+01
  0.26631764E+01  0.94250140E+01
  0.26761919E+01  0.94054335E+01
  0.26892073E+01  0.93867205E+01
  0.27022228E+01  0.93688292E+01
  0.27152382E+01  0.93516736E+01
  0.27282537E+01  0.93351213E+01
  0.27412692E+01  0.93189879E+01
  0.27542846E+01  0.93030332E+01
  0.27673001E+01  0.92869593E+01
  0.27803155E+01  0.92704129E+01
  0.27933310E+01  0.92529951E+01
  0.28063464E+01  0.92342821E+01
  0.28193619E+01  0.92138581E+01
  0.28323773E+01  0.91913628E+01
  0.28453928E+01  0.91665445E+01
  0.28584083E+01  0.91393060E+01
  0.28714237E+01  0.91097248E+01
  0.28843359E+01  0.90780335E+01
  0.28972481E+01  0.91653063E+01
  0.29101603E+01  0.92534055E+01
  0.29230725E+01  0.93424562E+01
  0.29359847E+01  0.94326996E+01
  0.29488969E+01  0.95244527E+01
  0.29618091E+01  0.96180701E+01
  0.29747213E+01  0.97139139E+01
  0.29876335E+01  0.98123333E+01
  0.30005457E+01  0.99136521E+01
  0.30134579E+01  0.10018161E+02
  0.30263701E+01  0.10126110E+02
  0.30392823E+01  0.10237707E+02
  0.30521945E+01  0.10353114E+02
  0.30651067E+01  0.10472435E+02
  0.30780189E+01  0.10595719E+02
  0.30909311E+01  0.10722947E+02
  0.31038433E+01  0.10854027E+02
  0.31167555E+01  0.10988786E+02
  0.31296677E+01  0.11126968E+02
  0.31425799E+01  0.11268220E+02
  0.31554921E+01  0.11412098E+02
  0.31684043E+01  0.11558063E+02
  0.31813165E+01  0.11705479E+02
  0.31942287E+01  0.11853625E+02
  0.32071409E+01  0.12001700E+02
  0.32200531E+01  0.12148829E+02
  0.32329653E+01  0.12294083E+02
  0.32458775E+01  0.12436482E+02
  0.32587897E+01  0.12575008E+02
  0.32717019E+01  0.12708616E+02
  0.32846141E+01  0.12836255E+02
  0.32975263E+01  0.12956945E+02
  0.33104385E+01  0.13069951E+02
  0.33233507E+01  0.13175087E+02
  0.33362629E+01  0.13273019E+02
  0.33491751E+01  0.13365267E+02
  0.33620873E+01  0.13453791E+02
  0.33749995E+01  0.13540453E+02
  0.33879117E+01  0.13626688E+02
  0.34008239E+01  0.13713432E+02
  0.34137361E+01  0.13801177E+02
  0.34266483E+01  0.13890053E+02
  0.34395605E+01  0.13979890E+02
  0.34524727E+01  0.14070258E+02
  0.34653849E+01  0.14160501E+02
  0.34782971E+01  0.14249790E+02
  0.34912093E+01  0.14337232E+02
  0.35041215E+01  0.14422044E+02
  0.35170337E+01  0.14503729E+02
  0.35299459E+01  0.14582161E+02
  0.35428581E+01  0.14657525E+02
  0.35557703E+01  0.14730164E+02
  0.35686825E+01  0.14800443E+02
  0.35815947E+01  0.14868661E+02
  0.35945069E+01  0.14935020E+02
  0.36074191E+01  0.14999616E+02
  0.36203313E+01  0.15062452E+02
  0.36332435E+01  0.15123454E+02
  0.36461557E+01  0.15182479E+02
  0.36590679E+01  0.15239337E+02
  0.36719801E+01  0.15293800E+02
  0.36848923E+01  0.15345616E+02
  0.36978045E+01  0.15394520E+02
  0.37107167E+01  0.15440243E+02
  0.37236289E+01  0.15482525E+02
  0.37365411E+01  0.15521122E+02
  0.37494533E+01  0.15555814E+02
  0.37623655E+01  0.15586409E+02
  0.37752777E+01  0.15612756E+02
  0.37881899E+01  0.15634739E+02
  0.38011703E+01  0.15652290E+02
  0.38141507E+01  0.15674593E+02
  0.38271311E+01  0.15692841E+02
  0.38401115E+01  0.15706635E+02
  0.38530919E+01  0.15715541E+02
  0.38660723E+01  0.15719078E+02
  0.38790527E+01  0.15716680E+02
  0.38920331E+01  0.15707618E+02
  0.39050135E+01  0.15690841E+02
  0.39179939E+01  0.15664641E+02
  0.39309743E+01  0.15626122E+02
  0.39439547E+01  0.15571298E+02
  0.39569351E+01  0.15498369E+02
  0.39699155E+01  0.15411612E+02
  0.39828959E+01  0.15317511E+02
  0.39958763E+01  0.15219852E+02
  0.40088567E+01  0.15119768E+02
  0.40218371E+01  0.15017121E+02
  0.40348175E+01  0.14911357E+02
  0.40477979E+01  0.14801892E+02
  0.40607783E+01  0.14688261E+02
  0.40737587E+01  0.14570164E+02
  0.40867391E+01  0.14447472E+02
  0.40997195E+01  0.14320216E+02
  0.41126999E+01  0.14188562E+02
  0.41256803E+01  0.14052789E+02
  0.41386607E+01  0.13913269E+02
  0.41516411E+01  0.13770441E+02
  0.41646215E+01  0.13624801E+02
  0.41776019E+01  0.13476881E+02
  0.41905823E+01  0.13327240E+02
  0.42035627E+01  0.13176453E+02
  0.42165431E+01  0.13025100E+02
  0.42295235E+01  0.12873760E+02
  0.42425039E+01  0.12722998E+02
  0.42554843E+01  0.12573360E+02
  0.42684647E+01  0.12425367E+02
  0.42814451E+01  0.12279502E+02
  0.42944255E+01  0.12136208E+02
  0.43074059E+01  0.11995875E+02
  0.43203863E+01  0.11858836E+02
  0.43333667E+01  0.11725362E+02
  0.43463471E+01  0.11595649E+02
  0.43593275E+01  0.11469818E+02
  0.43723079E+01  0.11347910E+02
  0.43852883E+01  0.11229879E+02
  0.43982687E+01  0.11115598E+02
  0.44112491E+01  0.11004853E+02
  0.44242295E+01  0.10897352E+02
  0.44372099E+01  0.10792732E+02
  0.44501903E+01  0.10690567E+02
  0.44631707E+01  0.10590387E+02
  0.44761511E+01  0.10491690E+02
  0.44891315E+01  0.10393963E+02
  0.45021119E+01  0.10296704E+02
  0.45150923E+01  0.10199439E+02
  0.45280727E+01  0.10101741E+02
  0.45410531E+01  0.10003247E+02
  0.45540335E+01  0.99036658E+01
  0.45670139E+01  0.98027883E+01
  0.45799943E+01  0.97004868E+01
  0.45929747E+01  0.95967139E+01
  0.46059551E+01  0.94914963E+01
  0.46189355E+01  0.93849271E+01
  0.46319159E+01  0.92771557E+01
  0.46448963E+01  0.91683769E+01
  0.46578767E+01  0.90588207E+01
  0.46708571E+01  0.89487421E+01
  0.46838375E+01  0.88384116E+01
  0.46968179E+01  0.87281073E+01
  0.47097983E+01  0.86181071E+01
  0.47227787E+01  0.85086833E+01
  0.47357591E+01  0.84000965E+01
  0.47487395E+01  0.82925923E+01
  0.47617199E+01  0.81863971E+01
  0.47747003E+01  0.80817161E+01
  0.47876807E+01  0.79787304E+01
  0.48006611E+01  0.78775964E+01
  0.48136415E+01  0.77784449E+01
  0.48266219E+01  0.76813806E+01
  0.48396023E+01  0.75864828E+01
  0.48525827E+01  0.74938063E+01
  0.48655631E+01  0.74033832E+01
  0.48785435E+01  0.73152251E+01
  0.48915239E+01  0.72293253E+01
  0.49045044E+01  0.71456624E+01
  0.49174848E+01  0.70642037E+01
  0.49304652E+01  0.69849084E+01
  0.49434456E+01  0.69077320E+01
  0.49564260E+01  0.68326297E+01
  0.49694064E+01  0.67595608E+01
  0.49823868E+01  0.66884921E+01
  0.49953672E+01  0.66194024E+01
  0.50083476E+01  0.65522862E+01
  0.50213280E+01  0.64871583E+01
  0.50343084E+01  0.64240586E+01
  0.50472888E+01  0.63630573E+01
  0.50602692E+01  0.63042613E+01
  0.50732496E+01  0.62478212E+01
  0.50862300E+01  0.61939386E+01
  0.50992104E+01  0.61428748E+01
  0.51121908E+01  0.60949593E+01
  0.51251712E+01  0.60505979E+01
  0.51381516E+01  0.60102787E+01
  0.51511320E+01  0.59745746E+01
  0.51641124E+01  0.59441392E+01
  0.51770928E+01  0.59196935E+01
  0.51900732E+01  0.59019975E+01
  0.52030536E+01  0.58918063E+01
  0.52160340E+01  0.58898069E+01
  0.52290144E+01  0.58965386E+01
  0.52419948E+01  0.59123067E+01
  0.52549752E+01  0.59371003E+01
  0.52679556E+01  0.59705327E+01
  0.52809360E+01  0.60118168E+01
  0.52939164E+01  0.60597818E+01
  0.53068968E+01  0.61129280E+01
  0.53198772E+01  0.61695076E+01
  0.53328576E+01  0.62276175E+01
  0.53458380E+01  0.62852937E+01
  0.53588184E+01  0.63405985E+01
  0.53717988E+01  0.63916992E+01
  0.53847792E+01  0.64369366E+01
  0.53977596E+01  0.64748837E+01
  0.54107400E+01  0.65043936E+01
  0.54237204E+01  0.65246318E+01
  0.54367008E+01  0.65350925E+01
  0.54496812E+01  0.65355952E+01
  0.54626616E+01  0.65262628E+01
  0.54756420E+01  0.65074846E+01
  0.54886224E+01  0.64798695E+01
  0.55016028E+01  0.64441954E+01
  0.55145832E+01  0.64013603E+01
  0.55275636E+01  0.63523393E+01
  0.55405440E+01  0.62981487E+01
  0.55535244E+01  0.62398192E+01
  0.55665048E+01  0.61783749E+01
  0.55794852E+01  0.61148190E+01
  0.55924656E+01  0.60501231E+01
  0.56054460E+01  0.59852186E+01
  0.56184264E+01  0.59209895E+01
  0.56314068E+01  0.58582646E+01
  0.56443872E+01  0.57978088E+01
  0.56573676E+01  0.57403138E+01
  0.56703480E+01  0.56863861E+01
  0.56833284E+01  0.56365354E+01
  0.56963088E+01  0.55911617E+01
  0.57092892E+01  0.55505438E+01
  0.57222696E+01  0.55148295E+01
  0.57352500E+01  0.54840294E+01
  0.57482304E+01  0.54580144E+01
  0.57612108E+01  0.54365192E+01
  0.57741912E+01  0.54191493E+01
  0.57871716E+01  0.54053937E+01
  0.58001520E+01  0.53946404E+01
  0.58131324E+01  0.53861945E+01
  0.58261128E+01  0.53792971E+01
  0.58390932E+01  0.53731457E+01
  0.58520736E+01  0.53669139E+01
  0.58650540E+01  0.53597712E+01
  0.58780344E+01  0.53509031E+01
  0.58910148E+01  0.53395321E+01
  0.59039952E+01  0.53249395E+01
  0.59169756E+01  0.53064884E+01
  0.59299560E+01  0.52836482E+01
  0.59429364E+01  0.52560203E+01
  0.59559168E+01  0.52233629E+01
  0.59688972E+01  0.51856165E+01
  0.59818776E+01  0.51429260E+01
  0.59948580E+01  0.50956606E+01
  0.60078384E+01  0.50444289E+01
  0.60208188E+01  0.49900901E+01
  0.60337992E+01  0.49337589E+01
  0.60467642E+01  0.48768042E+01
  0.60597293E+01  0.49737517E+01
  0.60726943E+01  0.50695391E+01
  0.60856593E+01  0.51631148E+01
  0.60986244E+01  0.52537077E+01
  0.61115894E+01  0.53407659E+01
  0.61245544E+01  0.54239231E+01
  0.61375195E+01  0.55029780E+01
  0.61504845E+01  0.55778784E+01
  0.61634495E+01  0.56487058E+01
  0.61764146E+01  0.57156603E+01
  0.61893796E+01  0.57790429E+01
  0.62023446E+01  0.58392374E+01
  0.62153097E+01  0.58966910E+01
  0.62282747E+01  0.59518947E+01
  0.62412397E+01  0.60053633E+01
  0.62542048E+01  0.60576166E+01
  0.62671698E+01  0.61091609E+01
  0.62801348E+01  0.61604725E+01
  0.62930998E+01  0.62119818E+01
  0.63060649E+01  0.62640602E+01
  0.63190299E+01  0.63170082E+01
  0.63319949E+01  0.63710462E+01
  0.63449600E+01  0.64263071E+01
  0.63579250E+01  0.64828314E+01
  0.63708900E+01  0.65405651E+01
  0.63838551E+01  0.65993592E+01
  0.63968201E+01  0.66589721E+01
  0.64097851E+01  0.67190739E+01
  0.64227502E+01  0.67792526E+01
  0.64357152E+01  0.68390219E+01
  0.64486802E+01  0.68978309E+01
  0.64616453E+01  0.69550753E+01
  0.64746103E+01  0.70101094E+01
  0.64875753E+01  0.70622607E+01
  0.65005404E+01  0.71108448E+01
  0.65135054E+01  0.71551835E+01
  0.65264704E+01  0.71946229E+01
  0.65394354E+01  0.72285547E+01
  0.65524005E+01  0.72564368E+01
  0.65653655E+01  0.72778147E+01
  0.65783305E+01  0.72923410E+01
  0.65912956E+01  0.72997909E+01
  0.66042606E+01  0.73000733E+01
  0.66172256E+01  0.72932342E+01
  0.66301907E+01  0.72794538E+01
  0.66431557E+01  0.72590348E+01
  0.66561207E+01  0.72323860E+01
  0.66690858E+01  0.72000006E+01
  0.66820508E+01  0.71624321E+01
  0.66950158E+01  0.71202710E+01
  0.67079809E+01  0.70741224E+01
  0.67209459E+01  0.70245866E+01
  0.67339109E+01  0.69722438E+01
  0.67468760E+01  0.69176424E+01
  0.67598410E+01  0.68612906E+01
  0.67728060E+01  0.68036520E+01
  0.67857710E+01  0.67451429E+01
  0.67987361E+01  0.66861325E+01
  0.68117011E+01  0.66269441E+01
  0.68246661E+01  0.65678569E+01
  0.68376312E+01  0.65091087E+01
  0.68505962E+01  0.64508985E+01
  0.68635612E+01  0.63933878E+01
  0.68765263E+01  0.63367028E+01
  0.68894913E+01  0.62809345E+01
  0.69024563E+01  0.62261393E+01
  0.69154214E+01  0.61723381E+01
  0.69283864E+01  0.61195160E+01
  0.69413514E+01  0.60676214E+01
  0.69543165E+01  0.60165665E+01
  0.69672815E+01  0.59662280E+01
  0.69802465E+01  0.59164500E+01
  0.69932116E+01  0.58670485E+01
  0.70061766E+01  0.58178184E+01
  0.70191416E+01  0.57685420E+01
  0.70321066E+01  0.57190011E+01
  0.70450717E+01  0.56689895E+01
  0.70580367E+01  0.56183285E+01
  0.70710017E+01  0.55668824E+01
  0.70839668E+01  0.55145756E+01
  0.70969318E+01  0.54614099E+01
  0.71098968E+01  0.54074823E+01
  0.71228619E+01  0.53530046E+01
  0.71358269E+01  0.52983251E+01
  0.71487919E+01  0.52439543E+01
  0.71617570E+01  0.51905983E+01
  0.71747220E+01  0.51392000E+01
  0.71876870E+01  0.50909906E+01
  0.72006521E+01  0.50475434E+01
  0.72136171E+01  0.50108090E+01
  0.72265821E+01  0.49830786E+01
  0.72395472E+01  0.49667926E+01
  0.72525122E+01  0.49641193E+01
  0.72654772E+01  0.49763596E+01
  0.72784422E+01  0.50034649E+01
  0.72914073E+01  0.50440019E+01
  0.73043723E+01  0.50956028E+01
  0.73173373E+01  0.51555812E+01
  0.73303024E+01  0.52214007E+01
  0.73432674E+01  0.52909013E+01
  
  0.00000000E+00  0.15652291E+02
  0.12965032E-01  0.15738310E+02
  0.25930063E-01  0.15808570E+02
  0.38895095E-01  0.15863802E+02
  0.51860126E-01  0.15903767E+02
  0.64825158E-01  0.15927200E+02
  0.77790189E-01  0.15932034E+02
  0.90755221E-01  0.15916574E+02
  0.10372025E+00  0.15882411E+02
  0.11668528E+00  0.15836812E+02
  0.12965032E+00  0.15788559E+02
  0.14261535E+00  0.15741444E+02
  0.15558038E+00  0.15694876E+02
  0.16854541E+00  0.15647169E+02
  0.18151044E+00  0.15596957E+02
  0.19447547E+00  0.15543370E+02
  0.20744050E+00  0.15485919E+02
  0.22040554E+00  0.15424382E+02
  0.23337057E+00  0.15358726E+02
  0.24633560E+00  0.15289058E+02
  0.25930063E+00  0.15215596E+02
  0.27226566E+00  0.15138647E+02
  0.28523069E+00  0.15058594E+02
  0.29819573E+00  0.14975880E+02
  0.31116076E+00  0.14890995E+02
  0.32412579E+00  0.14804455E+02
  0.33709082E+00  0.14716791E+02
  0.35005585E+00  0.14628521E+02
  0.36302088E+00  0.14540135E+02
  0.37598591E+00  0.14452075E+02
  0.38895095E+00  0.14364722E+02
  0.40191598E+00  0.14278387E+02
  0.41488101E+00  0.14193311E+02
  0.42784604E+00  0.14109666E+02
  0.44081107E+00  0.14027566E+02
  0.45377610E+00  0.13947073E+02
  0.46674114E+00  0.13868213E+02
  0.47970617E+00  0.13790985E+02
  0.49267120E+00  0.13715369E+02
  0.50563623E+00  0.13641336E+02
  0.51860126E+00  0.13568857E+02
  0.53156629E+00  0.13497904E+02
  0.54453132E+00  0.13428456E+02
  0.55749636E+00  0.13360502E+02
  0.57046139E+00  0.13294043E+02
  0.58342642E+00  0.13229089E+02
  0.59639145E+00  0.13165666E+02
  0.60935648E+00  0.13103806E+02
  0.62232151E+00  0.13043551E+02
  0.63528655E+00  0.12984949E+02
  0.64825158E+00  0.12928051E+02
  0.66121661E+00  0.12872907E+02
  0.67418164E+00  0.12819560E+02
  0.68714667E+00  0.12768047E+02
  0.70011170E+00  0.12718389E+02
  0.71307673E+00  0.12670593E+02
  0.72604177E+00  0.12624642E+02
  0.73900680E+00  0.12580500E+02
  0.75197183E+00  0.12538105E+02
  0.76493686E+00  0.12497371E+02
  0.77790189E+00  0.12458190E+02
  0.79086692E+00  0.12420434E+02
  0.80383196E+00  0.12383960E+02
  0.81679699E+00  0.12348614E+02
  0.82976202E+00  0.12314236E+02
  0.84272705E+00  0.12280672E+02
  0.85569208E+00  0.12247775E+02
  0.86865711E+00  0.12215415E+02
  0.88162214E+00  0.12183484E+02
  0.89458718E+00  0.12151900E+02
  0.90755221E+00  0.12120611E+02
  0.92051724E+00  0.12089596E+02
  0.93348227E+00  0.12058865E+02
  0.94644730E+00  0.12028457E+02
  0.95941233E+00  0.11998437E+02
  0.97237737E+00  0.11968891E+02
  0.98534240E+00  0.11939922E+02
  0.99830743E+00  0.11911645E+02
  0.10112725E+01  0.11884180E+02
  0.10242375E+01  0.11857649E+02
  0.10372025E+01  0.11832169E+02
  0.10501676E+01  0.11807850E+02
  0.10631326E+01  0.11784789E+02
  0.10760976E+01  0.11763070E+02
  0.10890626E+01  0.11742764E+02
  0.11020277E+01  0.11723924E+02
  0.11149927E+01  0.11706585E+02
  0.11279577E+01  0.11690768E+02
  0.11409228E+01  0.11676480E+02
  0.11538878E+01  0.11663712E+02
  0.11668528E+01  0.11652447E+02
  0.11798179E+01  0.11642654E+02
  0.11927829E+01  0.11634299E+02
  0.12057479E+01  0.11627342E+02
  0.12187130E+01  0.11621738E+02
  0.12316780E+01  0.11617444E+02
  0.12446430E+01  0.11614417E+02
  0.12576081E+01  0.11612616E+02
  0.12705731E+01  0.11612004E+02
  0.12835381E+01  0.11612549E+02
  0.12965536E+01  0.11614222E+02
  0.13095690E+01  0.11619070E+02
  0.13225845E+01  0.11618938E+02
  0.13355999E+01  0.11613796E+02
  0.13486154E+01  0.11603794E+02
  0.13616309E+01  0.11589242E+02
  0.13746463E+01  0.11570592E+02
  0.13876618E+01  0.11548402E+02
  0.14006772E+01  0.11523300E+02
  0.14136927E+01  0.11495955E+02
  0.14267081E+01  0.11467039E+02
  0.14397236E+01  0.11437212E+02
  0.14527390E+01  0.11407091E+02
  0.14657545E+01  0.11377243E+02
  0.14787700E+01  0.11348174E+02
  0.14917854E+01  0.11320321E+02
  0.15048009E+01  0.11294050E+02
  0.15178163E+01  0.11269662E+02
  0.15308318E+01  0.11247388E+02
  0.15438472E+01  0.11227401E+02
  0.15568627E+01  0.11209821E+02
  0.15698781E+01  0.11194721E+02
  0.15828936E+01  0.11182135E+02
  0.15959091E+01  0.11172069E+02
  0.16089245E+01  0.11164508E+02
  0.16219400E+01  0.11159425E+02
  0.16349554E+01  0.11156782E+02
  0.16479709E+01  0.11156541E+02
  0.16609863E+01  0.11158662E+02
  0.16740018E+01  0.11163102E+02
  0.16870172E+01  0.11169813E+02
  0.17000327E+01  0.11178737E+02
  0.17130482E+01  0.11189796E+02
  0.17260636E+01  0.11202882E+02
  0.17390791E+01  0.11217848E+02
  0.17520945E+01  0.11234497E+02
  0.17651100E+01  0.11252574E+02
  0.17781254E+01  0.11271761E+02
  0.17911409E+01  0.11291678E+02
  0.18041563E+01  0.11311884E+02
  0.18171718E+01  0.11331888E+02
  0.18301873E+01  0.11351162E+02
  0.18432027E+01  0.11369157E+02
  0.18562182E+01  0.11385325E+02
  0.18692336E+01  0.11399133E+02
  0.18822491E+01  0.11410087E+02
  0.18952645E+01  0.11417746E+02
  0.19082800E+01  0.11421735E+02
  0.19212954E+01  0.11421759E+02
  0.19343109E+01  0.11417605E+02
  0.19473264E+01  0.11409151E+02
  0.19603418E+01  0.11396364E+02
  0.19733573E+01  0.11379297E+02
  0.19863727E+01  0.11358087E+02
  0.19993882E+01  0.11332948E+02
  0.20124036E+01  0.11304165E+02
  0.20254191E+01  0.11272086E+02
  0.20384345E+01  0.11237115E+02
  0.20514500E+01  0.11199704E+02
  0.20644655E+01  0.11160346E+02
  0.20774809E+01  0.11119576E+02
  0.20904964E+01  0.11077964E+02
  0.21035118E+01  0.11036122E+02
  0.21165273E+01  0.10994714E+02
  0.21295427E+01  0.10954468E+02
  0.21425582E+01  0.10916204E+02
  0.21555737E+01  0.10880863E+02
  0.21685891E+01  0.10849536E+02
  0.21816046E+01  0.10823464E+02
  0.21946200E+01  0.10803964E+02
  0.22076355E+01  0.10792231E+02
  0.22206509E+01  0.10789022E+02
  0.22336664E+01  0.10794367E+02
  0.22466818E+01  0.10807514E+02
  0.22596973E+01  0.10827175E+02
  0.22727128E+01  0.10851886E+02
  0.22857282E+01  0.10880271E+02
  0.22987437E+01  0.10911158E+02
  0.23117591E+01  0.10943591E+02
  0.23247746E+01  0.10976784E+02
  0.23377900E+01  0.11010080E+02
  0.23508055E+01  0.11042902E+02
  0.23638209E+01  0.11074721E+02
  0.23768364E+01  0.11105037E+02
  0.23898519E+01  0.11133359E+02
  0.24028673E+01  0.11159198E+02
  0.24158828E+01  0.11182065E+02
  0.24288982E+01  0.11201475E+02
  0.24419137E+01  0.11216949E+02
  0.24549291E+01  0.11228025E+02
  0.24679446E+01  0.11234270E+02
  0.24809600E+01  0.11235296E+02
  0.24939755E+01  0.11230769E+02
  0.25069910E+01  0.11220429E+02
  0.25200064E+01  0.11204100E+02
  0.25330219E+01  0.11181696E+02
  0.25460373E+01  0.11153227E+02
  0.25590528E+01  0.11118800E+02
  0.25720682E+01  0.11078610E+02
  0.25850837E+01  0.11032934E+02
  0.25980991E+01  0.10982120E+02
  0.26111146E+01  0.10926572E+02
  0.26241301E+01  0.10866742E+02
  0.26371455E+01  0.10803112E+02
  0.26501610E+01  0.10736193E+02
  0.26631764E+01  0.10666509E+02
  0.26761919E+01  0.10594598E+02
  0.26892073E+01  0.10521004E+02
  0.27022228E+01  0.10446278E+02
  0.27152382E+01  0.10370973E+02
  0.27282537E+01  0.10295647E+02
  0.27412692E+01  0.10220854E+02
  0.27542846E+01  0.10147151E+02
  0.27673001E+01  0.10075081E+02
  0.27803155E+01  0.10005172E+02
  0.27933310E+01  0.99379079E+01
  0.28063464E+01  0.98737081E+01
  0.28193619E+01  0.98128767E+01
  0.28323773E+01  0.97555474E+01
  0.28453928E+01  0.97016196E+01
  0.28584083E+01  0.96507038E+01
  0.28714237E+01  0.96020962E+01
  0.28843359E+01  0.95547980E+01
  0.28972481E+01  0.96581825E+01
  0.29101603E+01  0.97677746E+01
  0.29230725E+01  0.98835004E+01
  0.29359847E+01  0.10005141E+02
  0.29488969E+01  0.10132366E+02
  0.29618091E+01  0.10264768E+02
  0.29747213E+01  0.10401882E+02
  0.29876335E+01  0.10543205E+02
  0.30005457E+01  0.10688194E+02
  0.30134579E+01  0.10836271E+02
  0.30263701E+01  0.10986818E+02
  0.30392823E+01  0.11139166E+02
  0.30521945E+01  0.11292592E+02
  0.30651067E+01  0.11446306E+02
  0.30780189E+01  0.11599438E+02
  0.30909311E+01  0.11751031E+02
  0.31038433E+01  0.11900026E+02
  0.31167555E+01  0.12045259E+02
  0.31296677E+01  0.12185472E+02
  0.31425799E+01  0.12319340E+02
  0.31554921E+01  0.12445547E+02
  0.31684043E+01  0.12562910E+02
  0.31813165E+01  0.12670552E+02
  0.31942287E+01  0.12768100E+02
  0.32071409E+01  0.12855832E+02
  0.32200531E+01  0.12934724E+02
  0.32329653E+01  0.13006355E+02
  0.32458775E+01  0.13072712E+02
  0.32587897E+01  0.13135974E+02
  0.32717019E+01  0.13198329E+02
  0.32846141E+01  0.13261844E+02
  0.32975263E+01  0.13328361E+02
  0.33104385E+01  0.13399317E+02
  0.33233507E+01  0.13475474E+02
  0.33362629E+01  0.13556641E+02
  0.33491751E+01  0.13641710E+02
  0.33620873E+01  0.13729082E+02
  0.33749995E+01  0.13817228E+02
  0.33879117E+01  0.13905021E+02
  0.34008239E+01  0.13991814E+02
  0.34137361E+01  0.14077385E+02
  0.34266483E+01  0.14161852E+02
  0.34395605E+01  0.14245614E+02
  0.34524727E+01  0.14329302E+02
  0.34653849E+01  0.14413746E+02
  0.34782971E+01  0.14499923E+02
  0.34912093E+01  0.14588846E+02
  0.35041215E+01  0.14681391E+02
  0.35170337E+01  0.14778119E+02
  0.35299459E+01  0.14879194E+02
  0.35428581E+01  0.14984434E+02
  0.35557703E+01  0.15093447E+02
  0.35686825E+01  0.15205730E+02
  0.35815947E+01  0.15320672E+02
  0.35945069E+01  0.15437431E+02
  0.36074191E+01  0.15554655E+02
  0.36203313E+01  0.15670046E+02
  0.36332435E+01  0.15779852E+02
  0.36461557E+01  0.15878669E+02
  0.36590679E+01  0.15960189E+02
  0.36719801E+01  0.16019104E+02
  0.36848923E+01  0.16053054E+02
  0.36978045E+01  0.16063033E+02
  0.37107167E+01  0.16052208E+02
  0.37236289E+01  0.16024423E+02
  0.37365411E+01  0.15983231E+02
  0.37494533E+01  0.15931519E+02
  0.37623655E+01  0.15871434E+02
  0.37752777E+01  0.15804430E+02
  0.37881899E+01  0.15731317E+02
  0.38011703E+01  0.15652291E+02
  0.38141507E+01  0.15754950E+02
  0.38271311E+01  0.15839463E+02
  0.38401115E+01  0.15906492E+02
  0.38530919E+01  0.15956120E+02
  0.38660723E+01  0.15987785E+02
  0.38790527E+01  0.16000252E+02
  0.38920331E+01  0.15991778E+02
  0.39050135E+01  0.15960897E+02
  0.39179939E+01  0.15908328E+02
  0.39309743E+01  0.15839698E+02
  0.39439547E+01  0.15766028E+02
  0.39569351E+01  0.15697571E+02
  0.39699155E+01  0.15636162E+02
  0.39828959E+01  0.15577993E+02
  0.39958763E+01  0.15519638E+02
  0.40088567E+01  0.15459350E+02
  0.40218371E+01  0.15396461E+02
  0.40348175E+01  0.15330852E+02
  0.40477979E+01  0.15262667E+02
  0.40607783E+01  0.15192169E+02
  0.40737587E+01  0.15119659E+02
  0.40867391E+01  0.15045438E+02
  0.40997195E+01  0.14969790E+02
  0.41126999E+01  0.14892976E+02
  0.41256803E+01  0.14815229E+02
  0.41386607E+01  0.14736760E+02
  0.41516411E+01  0.14657759E+02
  0.41646215E+01  0.14578397E+02
  0.41776019E+01  0.14498830E+02
  0.41905823E+01  0.14419196E+02
  0.42035627E+01  0.14339619E+02
  0.42165431E+01  0.14260212E+02
  0.42295235E+01  0.14181072E+02
  0.42425039E+01  0.14102288E+02
  0.42554843E+01  0.14023937E+02
  0.42684647E+01  0.13946091E+02
  0.42814451E+01  0.13868819E+02
  0.42944255E+01  0.13792186E+02
  0.43074059E+01  0.13716263E+02
  0.43203863E+01  0.13641123E+02
  0.43333667E+01  0.13566851E+02
  0.43463471E+01  0.13493542E+02
  0.43593275E+01  0.13421305E+02
  0.43723079E+01  0.13350266E+02
  0.43852883E+01  0.13280563E+02
  0.43982687E+01  0.13212350E+02
  0.44112491E+01  0.13145790E+02
  0.44242295E+01  0.13081051E+02
  0.44372099E+01  0.13018298E+02
  0.44501903E+01  0.12957681E+02
  0.44631707E+01  0.12899329E+02
  0.44761511E+01  0.12843332E+02
  0.44891315E+01  0.12789731E+02
  0.45021119E+01  0.12738505E+02
  0.45150923E+01  0.12689565E+02
  0.45280727E+01  0.12642746E+02
  0.45410531E+01  0.12597810E+02
  0.45540335E+01  0.12554444E+02
  0.45670139E+01  0.12512279E+02
  0.45799943E+01  0.12470896E+02
  0.45929747E+01  0.12429848E+02
  0.46059551E+01  0.12388677E+02
  0.46189355E+01  0.12346934E+02
  0.46319159E+01  0.12304196E+02
  0.46448963E+01  0.12260082E+02
  0.46578767E+01  0.12214268E+02
  0.46708571E+01  0.12166494E+02
  0.46838375E+01  0.12116573E+02
  0.46968179E+01  0.12064393E+02
  0.47097983E+01  0.12009919E+02
  0.47227787E+01  0.11953193E+02
  0.47357591E+01  0.11894328E+02
  0.47487395E+01  0.11833505E+02
  0.47617199E+01  0.11770967E+02
  0.47747003E+01  0.11707011E+02
  0.47876807E+01  0.11641981E+02
  0.48006611E+01  0.11576257E+02
  0.48136415E+01  0.11510248E+02
  0.48266219E+01  0.11444378E+02
  0.48396023E+01  0.11379079E+02
  0.48525827E+01  0.11314780E+02
  0.48655631E+01  0.11251894E+02
  0.48785435E+01  0.11190810E+02
  0.48915239E+01  0.11131883E+02
  0.49045044E+01  0.11075424E+02
  0.49174848E+01  0.11021694E+02
  0.49304652E+01  0.10970897E+02
  0.49434456E+01  0.10923176E+02
  0.49564260E+01  0.10878608E+02
  0.49694064E+01  0.10837205E+02
  0.49823868E+01  0.10798916E+02
  0.49953672E+01  0.10763627E+02
  0.50083476E+01  0.10731169E+02
  0.50213280E+01  0.10701321E+02
  0.50343084E+01  0.10673818E+02
  0.50472888E+01  0.10648363E+02
  0.50602692E+01  0.10624633E+02
  0.50732496E+01  0.10602287E+02
  0.50862300E+01  0.10580982E+02
  0.50992104E+01  0.10560375E+02
  0.51121908E+01  0.10540138E+02
  0.51251712E+01  0.10519964E+02
  0.51381516E+01  0.10499574E+02
  0.51511320E+01  0.10478728E+02
  0.51641124E+01  0.10457228E+02
  0.51770928E+01  0.10434927E+02
  0.51900732E+01  0.10411733E+02
  0.52030536E+01  0.10387613E+02
  0.52160340E+01  0.10362599E+02
  0.52290144E+01  0.10336792E+02
  0.52419948E+01  0.10310367E+02
  0.52549752E+01  0.10283570E+02
  0.52679556E+01  0.10256728E+02
  0.52809360E+01  0.10230244E+02
  0.52939164E+01  0.10204597E+02
  0.53068968E+01  0.10180340E+02
  0.53198772E+01  0.10158089E+02
  0.53328576E+01  0.10138513E+02
  0.53458380E+01  0.10122312E+02
  0.53588184E+01  0.10110196E+02
  0.53717988E+01  0.10102846E+02
  0.53847792E+01  0.10100882E+02
  0.53977596E+01  0.10104819E+02
  0.54107400E+01  0.10115032E+02
  0.54237204E+01  0.10131728E+02
  0.54367008E+01  0.10154922E+02
  0.54496812E+01  0.10184446E+02
  0.54626616E+01  0.10219959E+02
  0.54756420E+01  0.10260978E+02
  0.54886224E+01  0.10306920E+02
  0.55016028E+01  0.10357138E+02
  0.55145832E+01  0.10410967E+02
  0.55275636E+01  0.10467752E+02
  0.55405440E+01  0.10526875E+02
  0.55535244E+01  0.10587770E+02
  0.55665048E+01  0.10649931E+02
  0.55794852E+01  0.10712918E+02
  0.55924656E+01  0.10776348E+02
  0.56054460E+01  0.10839900E+02
  0.56184264E+01  0.10903300E+02
  0.56314068E+01  0.10966319E+02
  0.56443872E+01  0.11028763E+02
  0.56573676E+01  0.11090473E+02
  0.56703480E+01  0.11151312E+02
  0.56833284E+01  0.11211170E+02
  0.56963088E+01  0.11269950E+02
  0.57092892E+01  0.11327577E+02
  0.57222696E+01  0.11383986E+02
  0.57352500E+01  0.11439127E+02
  0.57482304E+01  0.11492960E+02
  0.57612108E+01  0.11545455E+02
  0.57741912E+01  0.11596588E+02
  0.57871716E+01  0.11646343E+02
  0.58001520E+01  0.11694702E+02
  0.58131324E+01  0.11741648E+02
  0.58261128E+01  0.11787157E+02
  0.58390932E+01  0.11831193E+02
  0.58520736E+01  0.11873707E+02
  0.58650540E+01  0.11914626E+02
  0.58780344E+01  0.11953851E+02
  0.58910148E+01  0.11991254E+02
  0.59039952E+01  0.12026673E+02
  0.59169756E+01  0.12059915E+02
  0.59299560E+01  0.12090764E+02
  0.59429364E+01  0.12118990E+02
  0.59559168E+01  0.12144363E+02
  0.59688972E+01  0.12166684E+02
  0.59818776E+01  0.12185803E+02
  0.59948580E+01  0.12201645E+02
  0.60078384E+01  0.12214226E+02
  0.60208188E+01  0.12223653E+02
  0.60337992E+01  0.12230111E+02
  0.60467642E+01  0.12233837E+02
  0.60597293E+01  0.12242390E+02
  0.60726943E+01  0.12248287E+02
  0.60856593E+01  0.12251260E+02
  0.60986244E+01  0.12251107E+02
  0.61115894E+01  0.12247698E+02
  0.61245544E+01  0.12240985E+02
  0.61375195E+01  0.12230997E+02
  0.61504845E+01  0.12217825E+02
  0.61634495E+01  0.12201611E+02
  0.61764146E+01  0.12182522E+02
  0.61893796E+01  0.12160744E+02
  0.62023446E+01  0.12136458E+02
  0.62153097E+01  0.12109839E+02
  0.62282747E+01  0.12081047E+02
  0.62412397E+01  0.12050223E+02
  0.62542048E+01  0.12017492E+02
  0.62671698E+01  0.11982966E+02
  0.62801348E+01  0.11946743E+02
  0.62930998E+01  0.11908915E+02
  0.63060649E+01  0.11869569E+02
  0.63190299E+01  0.11828794E+02
  0.63319949E+01  0.11786686E+02
  0.63449600E+01  0.11743347E+02
  0.63579250E+01  0.11698896E+02
  0.63708900E+01  0.11653471E+02
  0.63838551E+01  0.11607232E+02
  0.63968201E+01  0.11560367E+02
  0.64097851E+01  0.11513092E+02
  0.64227502E+01  0.11465663E+02
  0.64357152E+01  0.11418370E+02
  0.64486802E+01  0.11371545E+02
  0.64616453E+01  0.11325557E+02
  0.64746103E+01  0.11280818E+02
  0.64875753E+01  0.11237772E+02
  0.65005404E+01  0.11196894E+02
  0.65135054E+01  0.11158675E+02
  0.65264704E+01  0.11123611E+02
  0.65394354E+01  0.11092187E+02
  0.65524005E+01  0.11064852E+02
  0.65653655E+01  0.11042002E+02
  0.65783305E+01  0.11023955E+02
  0.65912956E+01  0.11010933E+02
  0.66042606E+01  0.11003043E+02
  0.66172256E+01  0.11000272E+02
  0.66301907E+01  0.11002476E+02
  0.66431557E+01  0.11009395E+02
  0.66561207E+01  0.11020653E+02
  0.66690858E+01  0.11035783E+02
  0.66820508E+01  0.11054240E+02
  0.66950158E+01  0.11075426E+02
  0.67079809E+01  0.11098706E+02
  0.67209459E+01  0.11123433E+02
  0.67339109E+01  0.11148959E+02
  0.67468760E+01  0.11174652E+02
  0.67598410E+01  0.11199912E+02
  0.67728060E+01  0.11224175E+02
  0.67857710E+01  0.11246929E+02
  0.67987361E+01  0.11267717E+02
  0.68117011E+01  0.11286146E+02
  0.68246661E+01  0.11301893E+02
  0.68376312E+01  0.11314708E+02
  0.68505962E+01  0.11324421E+02
  0.68635612E+01  0.11330943E+02
  0.68765263E+01  0.11334266E+02
  0.68894913E+01  0.11334468E+02
  0.69024563E+01  0.11331706E+02
  0.69154214E+01  0.11326217E+02
  0.69283864E+01  0.11318313E+02
  0.69413514E+01  0.11308372E+02
  0.69543165E+01  0.11296830E+02
  0.69672815E+01  0.11284173E+02
  0.69802465E+01  0.11270923E+02
  0.69932116E+01  0.11257626E+02
  0.70061766E+01  0.11244837E+02
  0.70191416E+01  0.11233108E+02
  0.70321066E+01  0.11222970E+02
  0.70450717E+01  0.11214919E+02
  0.70580367E+01  0.11209401E+02
  0.70710017E+01  0.11206803E+02
  0.70839668E+01  0.11207437E+02
  0.70969318E+01  0.11211533E+02
  0.71098968E+01  0.11219231E+02
  0.71228619E+01  0.11230577E+02
  0.71358269E+01  0.11245519E+02
  0.71487919E+01  0.11263908E+02
  0.71617570E+01  0.11285496E+02
  0.71747220E+01  0.11309943E+02
  0.71876870E+01  0.11336818E+02
  0.72006521E+01  0.11365606E+02
  0.72136171E+01  0.11395713E+02
  0.72265821E+01  0.11426476E+02
  0.72395472E+01  0.11457176E+02
  0.72525122E+01  0.11487053E+02
  0.72654772E+01  0.11515330E+02
  0.72784422E+01  0.11541242E+02
  0.72914073E+01  0.11564070E+02
  0.73043723E+01  0.11583189E+02
  0.73173373E+01  0.11598102E+02
  0.73303024E+01  0.11608488E+02
  0.73432674E+01  0.11614222E+02
  
  0.00000000E+00  0.20450022E+02
  0.12965032E-01  0.20311453E+02
  0.25930063E-01  0.20118406E+02
  0.38895095E-01  0.19872402E+02
  0.51860126E-01  0.19577250E+02
  0.64825158E-01  0.19239856E+02
  0.77790189E-01  0.18871625E+02
  0.90755221E-01  0.18490524E+02
  0.10372025E+00  0.18122880E+02
  0.11668528E+00  0.17801000E+02
  0.12965032E+00  0.17551425E+02
  0.14261535E+00  0.17380413E+02
  0.15558038E+00  0.17274770E+02
  0.16854541E+00  0.17215401E+02
  0.18151044E+00  0.17186543E+02
  0.19447547E+00  0.17177482E+02
  0.20744050E+00  0.17181361E+02
  0.22040554E+00  0.17193792E+02
  0.23337057E+00  0.17211902E+02
  0.24633560E+00  0.17233732E+02
  0.25930063E+00  0.17257892E+02
  0.27226566E+00  0.17283348E+02
  0.28523069E+00  0.17309295E+02
  0.29819573E+00  0.17335082E+02
  0.31116076E+00  0.17360157E+02
  0.32412579E+00  0.17384038E+02
  0.33709082E+00  0.17406295E+02
  0.35005585E+00  0.17426535E+02
  0.36302088E+00  0.17444394E+02
  0.37598591E+00  0.17459532E+02
  0.38895095E+00  0.17471633E+02
  0.40191598E+00  0.17480399E+02
  0.41488101E+00  0.17485555E+02
  0.42784604E+00  0.17486845E+02
  0.44081107E+00  0.17484039E+02
  0.45377610E+00  0.17476925E+02
  0.46674114E+00  0.17465322E+02
  0.47970617E+00  0.17449070E+02
  0.49267120E+00  0.17428041E+02
  0.50563623E+00  0.17402134E+02
  0.51860126E+00  0.17371280E+02
  0.53156629E+00  0.17335444E+02
  0.54453132E+00  0.17294623E+02
  0.55749636E+00  0.17248848E+02
  0.57046139E+00  0.17198190E+02
  0.58342642E+00  0.17142754E+02
  0.59639145E+00  0.17082682E+02
  0.60935648E+00  0.17018158E+02
  0.62232151E+00  0.16949401E+02
  0.63528655E+00  0.16876671E+02
  0.64825158E+00  0.16800263E+02
  0.66121661E+00  0.16720510E+02
  0.67418164E+00  0.16637781E+02
  0.68714667E+00  0.16552477E+02
  0.70011170E+00  0.16465027E+02
  0.71307673E+00  0.16375888E+02
  0.72604177E+00  0.16285537E+02
  0.73900680E+00  0.16194467E+02
  0.75197183E+00  0.16103180E+02
  0.76493686E+00  0.16012181E+02
  0.77790189E+00  0.15921972E+02
  0.79086692E+00  0.15833039E+02
  0.80383196E+00  0.15745850E+02
  0.81679699E+00  0.15660844E+02
  0.82976202E+00  0.15578425E+02
  0.84272705E+00  0.15498951E+02
  0.85569208E+00  0.15422737E+02
  0.86865711E+00  0.15350041E+02
  0.88162214E+00  0.15281069E+02
  0.89458718E+00  0.15215968E+02
  0.90755221E+00  0.15154832E+02
  0.92051724E+00  0.15097699E+02
  0.93348227E+00  0.15044560E+02
  0.94644730E+00  0.14995362E+02
  0.95941233E+00  0.14950016E+02
  0.97237737E+00  0.14908400E+02
  0.98534240E+00  0.14870374E+02
  0.99830743E+00  0.14835778E+02
  0.10112725E+01  0.14804446E+02
  0.10242375E+01  0.14776208E+02
  0.10372025E+01  0.14750896E+02
  0.10501676E+01  0.14728349E+02
  0.10631326E+01  0.14708412E+02
  0.10760976E+01  0.14690944E+02
  0.10890626E+01  0.14675811E+02
  0.11020277E+01  0.14662894E+02
  0.11149927E+01  0.14652081E+02
  0.11279577E+01  0.14643270E+02
  0.11409228E+01  0.14636362E+02
  0.11538878E+01  0.14631267E+02
  0.11668528E+01  0.14627890E+02
  0.11798179E+01  0.14626142E+02
  0.11927829E+01  0.14625924E+02
  0.12057479E+01  0.14627136E+02
  0.12187130E+01  0.14629672E+02
  0.12316780E+01  0.14633418E+02
  0.12446430E+01  0.14638253E+02
  0.12576081E+01  0.14644051E+02
  0.12705731E+01  0.14650684E+02
  0.12835381E+01  0.14658018E+02
  0.12965536E+01  0.14665924E+02
  0.13095690E+01  0.14675362E+02
  0.13225845E+01  0.14692615E+02
  0.13355999E+01  0.14717594E+02
  0.13486154E+01  0.14750059E+02
  0.13616309E+01  0.14789633E+02
  0.13746463E+01  0.14835826E+02
  0.13876618E+01  0.14888074E+02
  0.14006772E+01  0.14945764E+02
  0.14136927E+01  0.15008278E+02
  0.14267081E+01  0.15075012E+02
  0.14397236E+01  0.15145407E+02
  0.14527390E+01  0.15218963E+02
  0.14657545E+01  0.15295253E+02
  0.14787700E+01  0.15373931E+02
  0.14917854E+01  0.15454731E+02
  0.15048009E+01  0.15537474E+02
  0.15178163E+01  0.15622058E+02
  0.15308318E+01  0.15708454E+02
  0.15438472E+01  0.15796702E+02
  0.15568627E+01  0.15886896E+02
  0.15698781E+01  0.15979180E+02
  0.15828936E+01  0.16073731E+02
  0.15959091E+01  0.16170751E+02
  0.16089245E+01  0.16270454E+02
  0.16219400E+01  0.16373055E+02
  0.16349554E+01  0.16478757E+02
  0.16479709E+01  0.16587742E+02
  0.16609863E+01  0.16700160E+02
  0.16740018E+01  0.16816121E+02
  0.16870172E+01  0.16935689E+02
  0.17000327E+01  0.17058873E+02
  0.17130482E+01  0.17185627E+02
  0.17260636E+01  0.17315840E+02
  0.17390791E+01  0.17449339E+02
  0.17520945E+01  0.17585886E+02
  0.17651100E+01  0.17725179E+02
  0.17781254E+01  0.17866848E+02
  0.17911409E+01  0.18010461E+02
  0.18041563E+01  0.18155522E+02
  0.18171718E+01  0.18301477E+02
  0.18301873E+01  0.18447713E+02
  0.18432027E+01  0.18593566E+02
  0.18562182E+01  0.18738322E+02
  0.18692336E+01  0.18881226E+02
  0.18822491E+01  0.19021486E+02
  0.18952645E+01  0.19158283E+02
  0.19082800E+01  0.19290776E+02
  0.19212954E+01  0.19418114E+02
  0.19343109E+01  0.19539443E+02
  0.19473264E+01  0.19653917E+02
  0.19603418E+01  0.19760708E+02
  0.19733573E+01  0.19859015E+02
  0.19863727E+01  0.19948072E+02
  0.19993882E+01  0.20027162E+02
  0.20124036E+01  0.20095621E+02
  0.20254191E+01  0.20152846E+02
  0.20384345E+01  0.20198305E+02
  0.20514500E+01  0.20231542E+02
  0.20644655E+01  0.20252183E+02
  0.20774809E+01  0.20259937E+02
  0.20904964E+01  0.20254605E+02
  0.21035118E+01  0.20236078E+02
  0.21165273E+01  0.20204342E+02
  0.21295427E+01  0.20159476E+02
  0.21425582E+01  0.20101657E+02
  0.21555737E+01  0.20031153E+02
  0.21685891E+01  0.19948325E+02
  0.21816046E+01  0.19853624E+02
  0.21946200E+01  0.19747590E+02
  0.22076355E+01  0.19630846E+02
  0.22206509E+01  0.19504094E+02
  0.22336664E+01  0.19368111E+02
  0.22466818E+01  0.19223744E+02
  0.22596973E+01  0.19071904E+02
  0.22727128E+01  0.18913558E+02
  0.22857282E+01  0.18749722E+02
  0.22987437E+01  0.18581457E+02
  0.23117591E+01  0.18409854E+02
  0.23247746E+01  0.18236032E+02
  0.23377900E+01  0.18061122E+02
  0.23508055E+01  0.17886262E+02
  0.23638209E+01  0.17712579E+02
  0.23768364E+01  0.17541184E+02
  0.23898519E+01  0.17373153E+02
  0.24028673E+01  0.17209512E+02
  0.24158828E+01  0.17051223E+02
  0.24288982E+01  0.16899169E+02
  0.24419137E+01  0.16754129E+02
  0.24549291E+01  0.16616763E+02
  0.24679446E+01  0.16487593E+02
  0.24809600E+01  0.16366983E+02
  0.24939755E+01  0.16255124E+02
  0.25069910E+01  0.16152024E+02
  0.25200064E+01  0.16057494E+02
  0.25330219E+01  0.15971154E+02
  0.25460373E+01  0.15892439E+02
  0.25590528E+01  0.15820609E+02
  0.25720682E+01  0.15754772E+02
  0.25850837E+01  0.15693912E+02
  0.25980991E+01  0.15636919E+02
  0.26111146E+01  0.15582619E+02
  0.26241301E+01  0.15529811E+02
  0.26371455E+01  0.15477294E+02
  0.26501610E+01  0.15423900E+02
  0.26631764E+01  0.15368519E+02
  0.26761919E+01  0.15310119E+02
  0.26892073E+01  0.15247768E+02
  0.27022228E+01  0.15180650E+02
  0.27152382E+01  0.15108075E+02
  0.27282537E+01  0.15029494E+02
  0.27412692E+01  0.14944504E+02
  0.27542846E+01  0.14852860E+02
  0.27673001E+01  0.14754476E+02
  0.27803155E+01  0.14649432E+02
  0.27933310E+01  0.14537982E+02
  0.28063464E+01  0.14420553E+02
  0.28193619E+01  0.14297748E+02
  0.28323773E+01  0.14170354E+02
  0.28453928E+01  0.14039340E+02
  0.28584083E+01  0.13905854E+02
  0.28714237E+01  0.13771223E+02
  0.28843359E+01  0.13636942E+02
  0.28972481E+01  0.13739739E+02
  0.29101603E+01  0.13834398E+02
  0.29230725E+01  0.13920551E+02
  0.29359847E+01  0.13997908E+02
  0.29488969E+01  0.14066275E+02
  0.29618091E+01  0.14125567E+02
  0.29747213E+01  0.14175822E+02
  0.29876335E+01  0.14217220E+02
  0.30005457E+01  0.14250094E+02
  0.30134579E+01  0.14274939E+02
  0.30263701E+01  0.14292425E+02
  0.30392823E+01  0.14303404E+02
  0.30521945E+01  0.14308916E+02
  0.30651067E+01  0.14310190E+02
  0.30780189E+01  0.14308646E+02
  0.30909311E+01  0.14305895E+02
  0.31038433E+01  0.14303730E+02
  0.31167555E+01  0.14304114E+02
  0.31296677E+01  0.14309153E+02
  0.31425799E+01  0.14321041E+02
  0.31554921E+01  0.14341969E+02
  0.31684043E+01  0.14373978E+02
  0.31813165E+01  0.14418771E+02
  0.31942287E+01  0.14477500E+02
  0.32071409E+01  0.14550603E+02
  0.32200531E+01  0.14637749E+02
  0.32329653E+01  0.14737929E+02
  0.32458775E+01  0.14849647E+02
  0.32587897E+01  0.14971145E+02
  0.32717019E+01  0.15100592E+02
  0.32846141E+01  0.15236200E+02
  0.32975263E+01  0.15376288E+02
  0.33104385E+01  0.15519293E+02
  0.33233507E+01  0.15663761E+02
  0.33362629E+01  0.15808335E+02
  0.33491751E+01  0.15951742E+02
  0.33620873E+01  0.16092783E+02
  0.33749995E+01  0.16230334E+02
  0.33879117E+01  0.16363349E+02
  0.34008239E+01  0.16490867E+02
  0.34137361E+01  0.16612020E+02
  0.34266483E+01  0.16726047E+02
  0.34395605E+01  0.16832303E+02
  0.34524727E+01  0.16930274E+02
  0.34653849E+01  0.17019585E+02
  0.34782971E+01  0.17100023E+02
  0.34912093E+01  0.17171547E+02
  0.35041215E+01  0.17234318E+02
  0.35170337E+01  0.17288725E+02
  0.35299459E+01  0.17335432E+02
  0.35428581E+01  0.17375442E+02
  0.35557703E+01  0.17410193E+02
  0.35686825E+01  0.17441697E+02
  0.35815947E+01  0.17472761E+02
  0.35945069E+01  0.17507290E+02
  0.36074191E+01  0.17550695E+02
  0.36203313E+01  0.17610330E+02
  0.36332435E+01  0.17695651E+02
  0.36461557E+01  0.17817438E+02
  0.36590679E+01  0.17985238E+02
  0.36719801E+01  0.18203211E+02
  0.36848923E+01  0.18466788E+02
  0.36978045E+01  0.18762944E+02
  0.37107167E+01  0.19073874E+02
  0.37236289E+01  0.19381222E+02
  0.37365411E+01  0.19668769E+02
  0.37494533E+01  0.19923403E+02
  0.37623655E+01  0.20135091E+02
  0.37752777E+01  0.20296485E+02
  0.37881899E+01  0.20402508E+02
  0.38011703E+01  0.20450022E+02
  0.38141507E+01  0.20340749E+02
  0.38271311E+01  0.20177882E+02
  0.38401115E+01  0.19963320E+02
  0.38530919E+01  0.19701104E+02
  0.38660723E+01  0.19397970E+02
  0.38790527E+01  0.19064159E+02
  0.38920331E+01  0.18714402E+02
  0.39050135E+01  0.18368479E+02
  0.39179939E+01  0.18049788E+02
  0.39309743E+01  0.17779983E+02
  0.39439547E+01  0.17571056E+02
  0.39569351E+01  0.17421637E+02
  0.39699155E+01  0.17321332E+02
  0.39828959E+01  0.17257748E+02
  0.39958763E+01  0.17220550E+02
  0.40088567E+01  0.17202309E+02
  0.40218371E+01  0.17197978E+02
  0.40348175E+01  0.17204154E+02
  0.40477979E+01  0.17218498E+02
  0.40607783E+01  0.17239336E+02
  0.40737587E+01  0.17265412E+02
  0.40867391E+01  0.17295730E+02
  0.40997195E+01  0.17329454E+02
  0.41126999E+01  0.17365855E+02
  0.41256803E+01  0.17404270E+02
  0.41386607E+01  0.17444086E+02
  0.41516411E+01  0.17484725E+02
  0.41646215E+01  0.17525641E+02
  0.41776019E+01  0.17566318E+02
  0.41905823E+01  0.17606269E+02
  0.42035627E+01  0.17645040E+02
  0.42165431E+01  0.17682213E+02
  0.42295235E+01  0.17717407E+02
  0.42425039E+01  0.17750285E+02
  0.42554843E+01  0.17780553E+02
  0.42684647E+01  0.17807966E+02
  0.42814451E+01  0.17832330E+02
  0.42944255E+01  0.17853505E+02
  0.43074059E+01  0.17871403E+02
  0.43203863E+01  0.17885993E+02
  0.43333667E+01  0.17897300E+02
  0.43463471E+01  0.17905402E+02
  0.43593275E+01  0.17910434E+02
  0.43723079E+01  0.17912581E+02
  0.43852883E+01  0.17912079E+02
  0.43982687E+01  0.17909208E+02
  0.44112491E+01  0.17904289E+02
  0.44242295E+01  0.17897679E+02
  0.44372099E+01  0.17889766E+02
  0.44501903E+01  0.17880956E+02
  0.44631707E+01  0.17871671E+02
  0.44761511E+01  0.17862342E+02
  0.44891315E+01  0.17853392E+02
  0.45021119E+01  0.17845236E+02
  0.45150923E+01  0.17838269E+02
  0.45280727E+01  0.17832857E+02
  0.45410531E+01  0.17829334E+02
  0.45540335E+01  0.17827992E+02
  0.45670139E+01  0.17829083E+02
  0.45799943E+01  0.17832812E+02
  0.45929747E+01  0.17839341E+02
  0.46059551E+01  0.17848789E+02
  0.46189355E+01  0.17861240E+02
  0.46319159E+01  0.17876744E+02
  0.46448963E+01  0.17895326E+02
  0.46578767E+01  0.17916992E+02
  0.46708571E+01  0.17941738E+02
  0.46838375E+01  0.17969552E+02
  0.46968179E+01  0.18000422E+02
  0.47097983E+01  0.18034338E+02
  0.47227787E+01  0.18071292E+02
  0.47357591E+01  0.18111283E+02
  0.47487395E+01  0.18154310E+02
  0.47617199E+01  0.18200372E+02
  0.47747003E+01  0.18249463E+02
  0.47876807E+01  0.18301573E+02
  0.48006611E+01  0.18356674E+02
  0.48136415E+01  0.18414724E+02
  0.48266219E+01  0.18475659E+02
  0.48396023E+01  0.18539388E+02
  0.48525827E+01  0.18605792E+02
  0.48655631E+01  0.18674721E+02
  0.48785435E+01  0.18745990E+02
  0.48915239E+01  0.18819379E+02
  0.49045044E+01  0.18894633E+02
  0.49174848E+01  0.18971464E+02
  0.49304652E+01  0.19049549E+02
  0.49434456E+01  0.19128536E+02
  0.49564260E+01  0.19208043E+02
  0.49694064E+01  0.19287666E+02
  0.49823868E+01  0.19366978E+02
  0.49953672E+01  0.19445540E+02
  0.50083476E+01  0.19522900E+02
  0.50213280E+01  0.19598602E+02
  0.50343084E+01  0.19672194E+02
  0.50472888E+01  0.19743227E+02
  0.50602692E+01  0.19811267E+02
  0.50732496E+01  0.19875900E+02
  0.50862300E+01  0.19936736E+02
  0.50992104E+01  0.19993413E+02
  0.51121908E+01  0.20045607E+02
  0.51251712E+01  0.20093033E+02
  0.51381516E+01  0.20135447E+02
  0.51511320E+01  0.20172653E+02
  0.51641124E+01  0.20204504E+02
  0.51770928E+01  0.20230901E+02
  0.51900732E+01  0.20251798E+02
  0.52030536E+01  0.20267197E+02
  0.52160340E+01  0.20277149E+02
  0.52290144E+01  0.20281751E+02
  0.52419948E+01  0.20281144E+02
  0.52549752E+01  0.20275505E+02
  0.52679556E+01  0.20265049E+02
  0.52809360E+01  0.20250014E+02
  0.52939164E+01  0.20230664E+02
  0.53068968E+01  0.20207275E+02
  0.53198772E+01  0.20180130E+02
  0.53328576E+01  0.20149514E+02
  0.53458380E+01  0.20115703E+02
  0.53588184E+01  0.20078954E+02
  0.53717988E+01  0.20039506E+02
  0.53847792E+01  0.19997565E+02
  0.53977596E+01  0.19953299E+02
  0.54107400E+01  0.19906836E+02
  0.54237204E+01  0.19858256E+02
  0.54367008E+01  0.19807589E+02
  0.54496812E+01  0.19754811E+02
  0.54626616E+01  0.19699846E+02
  0.54756420E+01  0.19642567E+02
  0.54886224E+01  0.19582792E+02
  0.55016028E+01  0.19520298E+02
  0.55145832E+01  0.19454816E+02
  0.55275636E+01  0.19386045E+02
  0.55405440E+01  0.19313657E+02
  0.55535244E+01  0.19237303E+02
  0.55665048E+01  0.19156627E+02
  0.55794852E+01  0.19071270E+02
  0.55924656E+01  0.18980886E+02
  0.56054460E+01  0.18885147E+02
  0.56184264E+01  0.18783756E+02
  0.56314068E+01  0.18676454E+02
  0.56443872E+01  0.18563032E+02
  0.56573676E+01  0.18443337E+02
  0.56703480E+01  0.18317281E+02
  0.56833284E+01  0.18184849E+02
  0.56963088E+01  0.18046108E+02
  0.57092892E+01  0.17901208E+02
  0.57222696E+01  0.17750395E+02
  0.57352500E+01  0.17594010E+02
  0.57482304E+01  0.17432497E+02
  0.57612108E+01  0.17266406E+02
  0.57741912E+01  0.17096397E+02
  0.57871716E+01  0.16923240E+02
  0.58001520E+01  0.16747818E+02
  0.58131324E+01  0.16571126E+02
  0.58261128E+01  0.16394268E+02
  0.58390932E+01  0.16218453E+02
  0.58520736E+01  0.16044987E+02
  0.58650540E+01  0.15875267E+02
  0.58780344E+01  0.15710761E+02
  0.58910148E+01  0.15552993E+02
  0.59039952E+01  0.15403515E+02
  0.59169756E+01  0.15263882E+02
  0.59299560E+01  0.15135609E+02
  0.59429364E+01  0.15020128E+02
  0.59559168E+01  0.14918740E+02
  0.59688972E+01  0.14832557E+02
  0.59818776E+01  0.14762453E+02
  0.59948580E+01  0.14709019E+02
  0.60078384E+01  0.14672533E+02
  0.60208188E+01  0.14652953E+02
  0.60337992E+01  0.14649935E+02
  0.60467642E+01  0.14662870E+02
  0.60597293E+01  0.14659324E+02
  0.60726943E+01  0.14667311E+02
  0.60856593E+01  0.14687118E+02
  0.60986244E+01  0.14718857E+02
  0.61115894E+01  0.14762444E+02
  0.61245544E+01  0.14817597E+02
  0.61375195E+01  0.14883842E+02
  0.61504845E+01  0.14960537E+02
  0.61634495E+01  0.15046895E+02
  0.61764146E+01  0.15142021E+02
  0.61893796E+01  0.15244944E+02
  0.62023446E+01  0.15354651E+02
  0.62153097E+01  0.15470116E+02
  0.62282747E+01  0.15590321E+02
  0.62412397E+01  0.15714283E+02
  0.62542048E+01  0.15841063E+02
  0.62671698E+01  0.15969785E+02
  0.62801348E+01  0.16099641E+02
  0.62930998E+01  0.16229898E+02
  0.63060649E+01  0.16359902E+02
  0.63190299E+01  0.16489078E+02
  0.63319949E+01  0.16616928E+02
  0.63449600E+01  0.16743028E+02
  0.63579250E+01  0.16867024E+02
  0.63708900E+01  0.16988623E+02
  0.63838551E+01  0.17107586E+02
  0.63968201E+01  0.17223720E+02
  0.64097851E+01  0.17336868E+02
  0.64227502E+01  0.17446898E+02
  0.64357152E+01  0.17553695E+02
  0.64486802E+01  0.17657152E+02
  0.64616453E+01  0.17757157E+02
  0.64746103E+01  0.17853590E+02
  0.64875753E+01  0.17946315E+02
  0.65005404E+01  0.18035175E+02
  0.65135054E+01  0.18119987E+02
  0.65264704E+01  0.18200544E+02
  0.65394354E+01  0.18276615E+02
  0.65524005E+01  0.18347946E+02
  0.65653655E+01  0.18414264E+02
  0.65783305E+01  0.18475284E+02
  0.65912956E+01  0.18530718E+02
  0.66042606E+01  0.18580277E+02
  0.66172256E+01  0.18623685E+02
  0.66301907E+01  0.18660684E+02
  0.66431557E+01  0.18691044E+02
  0.66561207E+01  0.18714572E+02
  0.66690858E+01  0.18731112E+02
  0.66820508E+01  0.18740561E+02
  0.66950158E+01  0.18742864E+02
  0.67079809E+01  0.18738022E+02
  0.67209459E+01  0.18726091E+02
  0.67339109E+01  0.18707181E+02
  0.67468760E+01  0.18681455E+02
  0.67598410E+01  0.18649122E+02
  0.67728060E+01  0.18610435E+02
  0.67857710E+01  0.18565681E+02
  0.67987361E+01  0.18515173E+02
  0.68117011E+01  0.18459243E+02
  0.68246661E+01  0.18398230E+02
  0.68376312E+01  0.18332475E+02
  0.68505962E+01  0.18262306E+02
  0.68635612E+01  0.18188034E+02
  0.68765263E+01  0.18109948E+02
  0.68894913E+01  0.18028305E+02
  0.69024563E+01  0.17943327E+02
  0.69154214E+01  0.17855203E+02
  0.69283864E+01  0.17764086E+02
  0.69413514E+01  0.17670099E+02
  0.69543165E+01  0.17573334E+02
  0.69672815E+01  0.17473862E+02
  0.69802465E+01  0.17371739E+02
  0.69932116E+01  0.17267014E+02
  0.70061766E+01  0.17159740E+02
  0.70191416E+01  0.17049978E+02
  0.70321066E+01  0.16937812E+02
  0.70450717E+01  0.16823354E+02
  0.70580367E+01  0.16706755E+02
  0.70710017E+01  0.16588210E+02
  0.70839668E+01  0.16467969E+02
  0.70969318E+01  0.16346338E+02
  0.71098968E+01  0.16223688E+02
  0.71228619E+01  0.16100458E+02
  0.71358269E+01  0.15977160E+02
  0.71487919E+01  0.15854379E+02
  0.71617570E+01  0.15732777E+02
  0.71747220E+01  0.15613092E+02
  0.71876870E+01  0.15496140E+02
  0.72006521E+01  0.15382810E+02
  0.72136171E+01  0.15274062E+02
  0.72265821E+01  0.15170915E+02
  0.72395472E+01  0.15074439E+02
  0.72525122E+01  0.14985736E+02
  0.72654772E+01  0.14905910E+02
  0.72784422E+01  0.14836038E+02
  0.72914073E+01  0.14777124E+02
  0.73043723E+01  0.14730054E+02
  0.73173373E+01  0.14695541E+02
  0.73303024E+01  0.14674082E+02
  0.73432674E+01  0.14665924E+02
  
