 &plot nbnd=   4, nks=   101 /
            0.000000  0.000000  0.000000
  -45.540   -2.618   15.652   15.652
            0.025000  0.025000  0.000000
  -45.540   -2.606   15.573   15.587
            0.050000  0.050000  0.000000
  -45.539   -2.570   15.331   15.400
            0.075000  0.075000  0.000000
  -45.539   -2.511   14.921   15.129
            0.100000  0.100000  0.000000
  -45.538   -2.428   14.355   14.808
            0.125000  0.125000  0.000000
  -45.537   -2.321   13.671   14.464
            0.150000  0.150000  0.000000
  -45.536   -2.190   12.912   14.113
            0.175000  0.175000  0.000000
  -45.534   -2.035   12.114   13.768
            0.200000  0.200000  0.000000
  -45.533   -1.857   11.304   13.436
            0.225000  0.225000  0.000000
  -45.532   -1.655   10.497   13.122
            0.250000  0.250000  0.000000
  -45.530   -1.430    9.704   12.829
            0.275000  0.275000  0.000000
  -45.528   -1.182    8.932   12.561
            0.300000  0.300000  0.000000
  -45.527   -0.913    8.187   12.318
            0.325000  0.325000  0.000000
  -45.525   -0.624    7.474   12.101
            0.350000  0.350000  0.000000
  -45.524   -0.317    6.796   11.913
            0.375000  0.375000  0.000000
  -45.523    0.003    6.161   11.752
            0.400000  0.400000  0.000000
  -45.522    0.328    5.577   11.620
            0.425000  0.425000  0.000000
  -45.521    0.643    5.059   11.517
            0.450000  0.450000  0.000000
  -45.521    0.925    4.632   11.443
            0.475000  0.475000  0.000000
  -45.520    1.131    4.339   11.399
            0.500000  0.500000  0.000000
  -45.520    1.209    4.232   11.384
            0.500000  0.500000  0.025000
  -45.520    1.217    4.232   11.366
            0.500000  0.500000  0.050000
  -45.520    1.240    4.235   11.314
            0.500000  0.500000  0.075000
  -45.520    1.280    4.238   11.231
            0.500000  0.500000  0.100000
  -45.520    1.335    4.243   11.122
            0.500000  0.500000  0.125000
  -45.520    1.406    4.249   10.741
            0.500000  0.500000  0.150000
  -45.520    1.493    4.257   10.225
            0.500000  0.500000  0.175000
  -45.520    1.596    4.265    9.718
            0.500000  0.500000  0.200000
  -45.520    1.715    4.274    9.221
            0.500000  0.500000  0.225000
  -45.519    1.849    4.284    8.738
            0.500000  0.500000  0.250000
  -45.519    1.999    4.294    8.267
            0.500000  0.500000  0.275000
  -45.519    2.165    4.304    7.810
            0.500000  0.500000  0.300000
  -45.519    2.346    4.314    7.367
            0.500000  0.500000  0.325000
  -45.519    2.543    4.324    6.939
            0.500000  0.500000  0.350000
  -45.519    2.756    4.333    6.525
            0.500000  0.500000  0.375000
  -45.519    2.985    4.342    6.127
            0.500000  0.500000  0.400000
  -45.519    3.229    4.349    5.743
            0.500000  0.500000  0.425000
  -45.519    3.489    4.355    5.375
            0.500000  0.500000  0.450000
  -45.519    3.765    4.359    5.022
            0.500000  0.500000  0.475000
  -45.519    4.056    4.362    4.685
            0.500000  0.500000  0.500000
  -45.519    4.363    4.363    4.363
            0.475000  0.475000  0.475000
  -45.519    3.734    4.700    4.700
            0.450000  0.450000  0.450000
  -45.519    3.114    5.084    5.084
            0.425000  0.425000  0.425000
  -45.519    2.514    5.515    5.515
            0.400000  0.400000  0.400000
  -45.519    1.939    5.991    5.991
            0.375000  0.375000  0.375000
  -45.520    1.393    6.513    6.513
            0.350000  0.350000  0.350000
  -45.521    0.880    7.079    7.079
            0.325000  0.325000  0.325000
  -45.522    0.399    7.690    7.690
            0.300000  0.300000  0.300000
  -45.523   -0.047    8.343    8.343
            0.275000  0.275000  0.275000
  -45.525   -0.458    9.038    9.038
            0.250000  0.250000  0.250000
  -45.527   -0.833    9.772    9.772
            0.225000  0.225000  0.225000
  -45.529   -1.172   10.541   10.541
            0.200000  0.200000  0.200000
  -45.530   -1.476   11.339   11.339
            0.175000  0.175000  0.175000
  -45.532   -1.744   12.156   12.156
            0.150000  0.150000  0.150000
  -45.534   -1.976   12.975   12.975
            0.125000  0.125000  0.125000
  -45.536   -2.172   13.611   13.765
            0.100000  0.100000  0.100000
  -45.537   -2.333   14.149   14.475
            0.075000  0.075000  0.075000
  -45.538   -2.457   14.679   15.036
            0.050000  0.050000  0.050000
  -45.539   -2.547   15.159   15.404
            0.025000  0.025000  0.025000
  -45.540   -2.600   15.516   15.595
            0.000000  0.000000  0.000000
  -45.540   -2.618   15.652   15.652
            0.000000  0.050000  0.000000
  -45.540   -2.594   15.517   15.517
            0.000000  0.100000  0.000000
  -45.539   -2.523   15.128   15.128
            0.000000  0.150000  0.000000
  -45.538   -2.404   14.541   14.541
            0.000000  0.200000  0.000000
  -45.536   -2.236   13.834   13.834
            0.000000  0.250000  0.000000
  -45.534   -2.021   13.074   13.074
            0.000000  0.300000  0.000000
  -45.532   -1.756   12.307   12.307
            0.000000  0.350000  0.000000
  -45.530   -1.441   11.558   11.558
            0.000000  0.400000  0.000000
  -45.527   -1.077   10.843   10.843
            0.000000  0.450000  0.000000
  -45.524   -0.660   10.171   10.171
            0.000000  0.500000  0.000000
  -45.522   -0.193    9.550    9.550
            0.000000  0.550000  0.000000
  -45.519    0.328    8.981    8.981
            0.000000  0.600000  0.000000
  -45.517    0.901    8.469    8.469
            0.000000  0.650000  0.000000
  -45.514    1.527    8.014    8.014
            0.000000  0.700000  0.000000
  -45.512    2.206    7.618    7.618
            0.000000  0.750000  0.000000
  -45.511    2.936    7.282    7.282
            0.000000  0.800000  0.000000
  -45.509    3.713    7.006    7.006
            0.000000  0.850000  0.000000
  -45.508    4.529    6.791    6.791
            0.000000  0.900000  0.000000
  -45.507    5.360    6.638    6.638
            0.000000  0.950000  0.000000
  -45.507    6.127    6.545    6.545
            0.000000  1.000000  0.000000
  -45.506    6.514    6.514    6.514
            0.025000  0.975000  0.000000
  -45.507    6.364    6.463    6.530
            0.050000  0.950000  0.000000
  -45.507    6.006    6.326    6.576
            0.075000  0.925000  0.000000
  -45.507    5.569    6.139    6.653
            0.100000  0.900000  0.000000
  -45.508    5.114    5.931    6.760
            0.125000  0.875000  0.000000
  -45.508    4.665    5.719    6.898
            0.150000  0.850000  0.000000
  -45.509    4.234    5.514    7.067
            0.175000  0.825000  0.000000
  -45.510    3.827    5.321    7.265
            0.200000  0.800000  0.000000
  -45.511    3.445    5.144    7.493
            0.225000  0.775000  0.000000
  -45.512    3.092    4.983    7.751
            0.250000  0.750000  0.000000
  -45.513    2.767    4.839    8.037
            0.275000  0.725000  0.000000
  -45.514    2.473    4.713    8.350
            0.300000  0.700000  0.000000
  -45.515    2.209    4.604    8.690
            0.325000  0.675000  0.000000
  -45.516    1.975    4.511    9.055
            0.350000  0.650000  0.000000
  -45.517    1.772    4.433    9.441
            0.375000  0.625000  0.000000
  -45.518    1.600    4.369    9.842
            0.400000  0.600000  0.000000
  -45.519    1.459    4.318   10.251
            0.425000  0.575000  0.000000
  -45.519    1.350    4.280   10.651
            0.450000  0.550000  0.000000
  -45.520    1.272    4.253   11.012
            0.475000  0.525000  0.000000
  -45.520    1.225    4.237   11.281
            0.500000  0.500000  0.000000
  -45.520    1.209    4.232   11.384
