0.2099764887458555  0.1049885796869121  0.4999999949477448
0.2167351545699427  0.7832648332817996  0.4999999994049593
0.2167331812954532  0.4334608991844113  0.4999999963541791
0.5548281454419461  0.1096505236195351  0.5000000031539901
0.5548239829179258  0.4451759907092531  0.5000000248160165
0.5665391425129332  0.7832668461865918  0.5000000004833480
0.8950161037473094  0.1049838116411779  0.5000000003506551 
0.8903494829241705  0.4451718479787478  0.4999999955183189
0.8950114246328041  0.7900234903424797  0.4999999916899134
  
