  0.1071324779324858  0.2142649558649787  0.5000000000000000
  0.1071324779324858  0.8928675220675142  0.5000000000000000
  0.1240858652180024  0.5620429326089976  0.5000000000000000
  0.4349607977379469  0.2174803988689699  0.5000000000000000  
  0.4379570673910024  0.5620429326089976  0.5000000000000000
  0.4379570673910024  0.8759141347819976  0.5000000000000000
  0.7825196011310301  0.2174803988689699  0.5000000000000000
  0.7825196011310301  0.5650392022620460  0.5000000000000000
  0.7857350441350213  0.8928675220675142  0.5000000000000000
  
