 &plot nbnd=  21, nks=   181 /
            0.000000  0.577350  0.000000
  -57.001  -33.183  -33.008  -32.944  -13.824  -13.594   -6.559   -5.625   -4.972   -3.986
   -3.019   -2.386   -1.840    0.830    1.255    2.142    2.718    3.924    5.590    5.830
    6.568
            0.000000  0.567728  0.000000
  -57.001  -33.184  -33.008  -32.944  -13.825  -13.594   -6.557   -5.624   -4.973   -3.985
   -3.019   -2.387   -1.842    0.825    1.251    2.138    2.716    3.929    5.587    5.829
    6.561
            0.000000  0.558105  0.000000
  -57.001  -33.183  -33.008  -32.944  -13.828  -13.596   -6.552   -5.619   -4.973   -3.983
   -3.018   -2.389   -1.846    0.827    1.250    2.136    2.715    3.943    5.578    5.826
    6.544
            0.000000  0.548483  0.000000
  -57.001  -33.182  -33.008  -32.944  -13.834  -13.598   -6.543   -5.610   -4.973   -3.979
   -3.015   -2.392   -1.851    0.826    1.244    2.133    2.714    3.966    5.564    5.821
    6.518
            0.000000  0.538860  0.000000
  -57.001  -33.180  -33.008  -32.944  -13.841  -13.601   -6.531   -5.599   -4.975   -3.974
   -3.013   -2.396   -1.859    0.824    1.239    2.125    2.710    3.998    5.545    5.813
    6.482
            0.000000  0.529238  0.000000
  -57.001  -33.179  -33.007  -32.944  -13.851  -13.606   -6.515   -5.584   -4.976   -3.967
   -3.010   -2.401   -1.867    0.822    1.232    2.114    2.706    4.038    5.522    5.802
    6.440
            0.000000  0.519615  0.000000
  -57.001  -33.177  -33.006  -32.945  -13.863  -13.611   -6.496   -5.566   -4.978   -3.959
   -3.007   -2.408   -1.879    0.818    1.219    2.100    2.700    4.087    5.493    5.788
    6.393
            0.000000  0.509993  0.000000
  -57.002  -33.175  -33.006  -32.946  -13.878  -13.617   -6.474   -5.545   -4.981   -3.949
   -3.003   -2.416   -1.891    0.815    1.206    2.085    2.693    4.142    5.461    5.771
    6.345
            0.000000  0.500370  0.000000
  -57.002  -33.173  -33.005  -32.946  -13.894  -13.624   -6.449   -5.520   -4.984   -3.938
   -2.997   -2.425   -1.903    0.812    1.193    2.068    2.687    4.204    5.426    5.748
    6.299
            0.000000  0.490748  0.000000
  -57.002  -33.171  -33.004  -32.946  -13.912  -13.632   -6.421   -5.493   -4.988   -3.925
   -2.991   -2.435   -1.917    0.811    1.176    2.048    2.678    4.272    5.387    5.720
    6.255
            0.000000  0.481125  0.000000
  -57.002  -33.167  -33.003  -32.947  -13.931  -13.640   -6.389   -5.462   -4.993   -3.911
   -2.984   -2.446   -1.930    0.809    1.161    2.029    2.669    4.345    5.348    5.685
    6.173
            0.000000  0.471503  0.000000
  -57.002  -33.165  -33.004  -32.948  -13.953  -13.650   -6.355   -5.430   -5.000   -3.897
   -2.977   -2.460   -1.944    0.801    1.143    2.003    2.655    4.421    5.307    5.642
    6.071
            0.000000  0.461880  0.000000
  -57.003  -33.162  -33.003  -32.949  -13.976  -13.660   -6.319   -5.394   -5.008   -3.881
   -2.969   -2.474   -1.957    0.795    1.122    1.974    2.640    4.499    5.266    5.592
    5.971
            0.000000  0.452258  0.000000
  -57.003  -33.158  -33.002  -32.950  -14.001  -13.671   -6.280   -5.355   -5.017   -3.863
   -2.960   -2.490   -1.968    0.795    1.101    1.946    2.627    4.578    5.227    5.535
    5.874
            0.000000  0.442635  0.000000
  -57.003  -33.154  -33.002  -32.951  -14.027  -13.682   -6.239   -5.314   -5.026   -3.844
   -2.950   -2.506   -1.976    0.792    1.081    1.916    2.611    4.652    5.193    5.472
    5.780
            0.000000  0.433013  0.000000
  -57.004  -33.151  -33.000  -32.951  -14.055  -13.694   -6.196   -5.270   -5.037   -3.823
   -2.939   -2.524   -1.983    0.791    1.060    1.882    2.597    4.716    5.171    5.405
    5.688
            0.000000  0.423390  0.000000
  -57.004  -33.146  -32.999  -32.952  -14.083  -13.707   -6.151   -5.224   -5.048   -3.801
   -2.928   -2.543   -1.986    0.790    1.041    1.849    2.580    4.759    5.169    5.334
    5.601
            0.000000  0.413768  0.000000
  -57.004  -33.141  -32.998  -32.953  -14.113  -13.720   -6.105   -5.176   -5.061   -3.778
   -2.915   -2.562   -1.986    0.791    1.020    1.812    2.562    4.773    5.194    5.262
    5.518
            0.000000  0.404145  0.000000
  -57.005  -33.137  -32.996  -32.955  -14.144  -13.734   -6.058   -5.126   -5.074   -3.754
   -2.902   -2.583   -1.984    0.795    0.999    1.774    2.540    4.758    5.187    5.238
    5.445
            0.000000  0.394523  0.000000
  -57.005  -33.131  -32.995  -32.956  -14.175  -13.748   -6.011   -5.088   -5.073   -3.728
   -2.887   -2.605   -1.979    0.798    0.979    1.737    2.520    4.724    5.112    5.268
    5.406
            0.000000  0.384900  0.000000
  -57.006  -33.127  -32.994  -32.957  -14.208  -13.762   -5.964   -5.102   -5.019   -3.701
   -2.871   -2.628   -1.971    0.801    0.958    1.695    2.496    4.679    5.037    5.231
    5.443
            0.000000  0.375278  0.000000
  -57.006  -33.121  -32.993  -32.958  -14.241  -13.777   -5.918   -5.114   -4.963   -3.673
   -2.855   -2.653   -1.959    0.805    0.938    1.654    2.473    4.627    4.962    5.166
    5.512
            0.000000  0.365655  0.000000
  -57.006  -33.115  -32.992  -32.959  -14.274  -13.792   -5.874   -5.124   -4.906   -3.644
   -2.837   -2.678   -1.944    0.810    0.921    1.613    2.448    4.571    4.887    5.096
    5.584
            0.000000  0.356033  0.000000
  -57.007  -33.110  -32.990  -32.961  -14.308  -13.807   -5.834   -5.132   -4.847   -3.613
   -2.818   -2.704   -1.926    0.819    0.901    1.569    2.421    4.512    4.813    5.026
    5.646
            0.000000  0.346410  0.000000
  -57.007  -33.105  -32.989  -32.962  -14.343  -13.823   -5.799   -5.134   -4.788   -3.583
   -2.799   -2.731   -1.904    0.825    0.883    1.523    2.393    4.452    4.740    4.957
    5.691
            0.000000  0.336788  0.000000
  -57.008  -33.099  -32.988  -32.963  -14.377  -13.838   -5.770   -5.130   -4.726   -3.550
   -2.778   -2.757   -1.877    0.838    0.867    1.485    2.365    4.391    4.668    4.889
    5.715
            0.000000  0.327165  0.000000
  -57.008  -33.093  -32.986  -32.964  -14.412  -13.854   -5.749   -5.118   -4.664   -3.516
   -2.785   -2.756   -1.849    0.849    0.851    1.442    2.335    4.330    4.597    4.823
    5.658
            0.000000  0.317543  0.000000
  -57.009  -33.087  -32.984  -32.966  -14.447  -13.869   -5.738   -5.097   -4.602   -3.482
   -2.813   -2.734   -1.817    0.836    0.863    1.398    2.303    4.268    4.527    4.759
    5.596
            0.000000  0.307920  0.000000
  -57.009  -33.081  -32.983  -32.966  -14.481  -13.885   -5.735   -5.066   -4.539   -3.446
   -2.841   -2.711   -1.783    0.826    0.878    1.358    2.272    4.207    4.459    4.696
    5.534
            0.000000  0.298298  0.000000
  -57.010  -33.074  -32.981  -32.968  -14.516  -13.900   -5.741   -5.027   -4.475   -3.410
   -2.870   -2.687   -1.747    0.815    0.893    1.319    2.238    4.147    4.393    4.635
    5.473
            0.000000  0.288675  0.000000
  -57.010  -33.068  -32.979  -32.969  -14.550  -13.916   -5.755   -4.981   -4.411   -3.373
   -2.899   -2.663   -1.711    0.803    0.911    1.281    2.206    4.087    4.328    4.574
    5.414
            0.000000  0.279053  0.000000
  -57.010  -33.062  -32.978  -32.971  -14.584  -13.931   -5.775   -4.928   -4.348   -3.335
   -2.927   -2.638   -1.672    0.796    0.931    1.244    2.170    4.028    4.265    4.515
    5.355
            0.000000  0.269430  0.000000
  -57.011  -33.055  -32.977  -32.972  -14.617  -13.946   -5.799   -4.871   -4.284   -3.298
   -2.956   -2.613   -1.634    0.790    0.952    1.209    2.133    3.970    4.203    4.458
    5.297
            0.000000  0.259808  0.000000
  -57.011  -33.049  -32.975  -32.973  -14.650  -13.961   -5.827   -4.810   -4.220   -3.259
   -2.987   -2.588   -1.593    0.788    0.969    1.176    2.095    3.914    4.144    4.401
    5.241
            0.000000  0.250185  0.000000
  -57.012  -33.044  -32.975  -32.974  -14.683  -13.976   -5.857   -4.747   -4.157   -3.221
   -3.017   -2.563   -1.551    0.786    0.988    1.143    2.057    3.858    4.086    4.346
    5.186
            0.000000  0.240563  0.000000
  -57.012  -33.038  -32.976  -32.973  -14.714  -13.991   -5.889   -4.681   -4.095   -3.182
   -3.046   -2.539   -1.510    0.789    1.010    1.115    2.017    3.804    4.030    4.292
    5.133
            0.000000  0.230940  0.000000
  -57.013  -33.033  -32.977  -32.971  -14.745  -14.005   -5.922   -4.614   -4.033   -3.142
   -3.075   -2.515   -1.467    0.794    1.032    1.089    1.978    3.752    3.976    4.238
    5.081
            0.000000  0.221318  0.000000
  -57.013  -33.028  -32.978  -32.970  -14.776  -14.018   -5.956   -4.546   -3.971   -3.105
   -3.101   -2.492   -1.428    0.801    1.052    1.066    1.940    3.700    3.924    4.186
    5.032
            0.000000  0.211695  0.000000
  -57.014  -33.023  -32.979  -32.969  -14.805  -14.032   -5.990   -4.478   -3.911   -3.134
   -3.063   -2.470   -1.389    0.811    1.047    1.074    1.898    3.650    3.874    4.134
    4.983
            0.000000  0.202073  0.000000
  -57.014  -33.017  -32.980  -32.967  -14.834  -14.045   -6.023   -4.408   -3.850   -3.160
   -3.023   -2.450   -1.349    0.827    1.035    1.099    1.857    3.602    3.826    4.082
    4.937
            0.000000  0.192450  0.000000
  -57.015  -33.012  -32.981  -32.966  -14.861  -14.057   -6.057   -4.340   -3.791   -3.188
   -2.984   -2.431   -1.314    0.843    1.026    1.123    1.817    3.555    3.780    4.031
    4.878
            0.000000  0.182828  0.000000
  -57.015  -33.006  -32.982  -32.964  -14.888  -14.069   -6.090   -4.271   -3.733   -3.212
   -2.945   -2.414   -1.280    0.865    1.018    1.150    1.776    3.509    3.736    3.981
    4.794
            0.000000  0.173205  0.000000
  -57.015  -33.001  -32.983  -32.963  -14.913  -14.081   -6.122   -4.204   -3.676   -3.237
   -2.907   -2.400   -1.247    0.889    1.015    1.173    1.736    3.464    3.694    3.930
    4.710
            0.000000  0.163583  0.000000
  -57.016  -32.996  -32.985  -32.961  -14.938  -14.092   -6.153   -4.137   -3.620   -3.261
   -2.869   -2.388   -1.217    0.917    1.016    1.197    1.696    3.421    3.654    3.880
    4.628
            0.000000  0.153960  0.000000
  -57.016  -32.992  -32.986  -32.960  -14.961  -14.103   -6.183   -4.072   -3.566   -3.284
   -2.833   -2.379   -1.189    0.947    1.018    1.221    1.657    3.378    3.617    3.829
    4.548
            0.000000  0.144338  0.000000
  -57.017  -32.988  -32.988  -32.959  -14.983  -14.113   -6.212   -4.008   -3.513   -3.304
   -2.798   -2.373   -1.162    0.981    1.026    1.246    1.616    3.336    3.581    3.779
    4.471
            0.000000  0.134715  0.000000
  -57.017  -32.988  -32.984  -32.958  -15.004  -14.123   -6.239   -3.947   -3.461   -3.326
   -2.764   -2.370   -1.138    1.016    1.039    1.268    1.578    3.294    3.548    3.728
    4.399
            0.000000  0.125093  0.000000
  -57.017  -32.989  -32.980  -32.957  -15.024  -14.131   -6.265   -3.888   -3.410   -3.345
   -2.731   -2.369   -1.117    1.053    1.054    1.291    1.541    3.253    3.516    3.678
    4.332
            0.000000  0.115470  0.000000
  -57.017  -32.990  -32.976  -32.956  -15.042  -14.140   -6.289   -3.832   -3.362   -3.360
   -2.699   -2.372   -1.097    1.071    1.093    1.313    1.507    3.211    3.487    3.629
    4.271
            0.000000  0.105848  0.000000
  -57.018  -32.991  -32.972  -32.955  -15.059  -14.147   -6.312   -3.778   -3.378   -3.311
   -2.669   -2.377   -1.079    1.094    1.134    1.334    1.474    3.170    3.460    3.582
    4.215
            0.000000  0.096225  0.000000
  -57.018  -32.991  -32.968  -32.954  -15.074  -14.154   -6.332   -3.727   -3.392   -3.264
   -2.640   -2.385   -1.062    1.118    1.176    1.355    1.443    3.127    3.435    3.537
    4.165
            0.000000  0.086603  0.000000
  -57.018  -32.992  -32.965  -32.954  -15.088  -14.161   -6.351   -3.681   -3.408   -3.219
   -2.614   -2.394   -1.049    1.141    1.217    1.371    1.414    3.085    3.412    3.496
    4.121
            0.000000  0.076980  0.000000
  -57.018  -32.992  -32.962  -32.953  -15.101  -14.167   -6.369   -3.638   -3.420   -3.177
   -2.590   -2.406   -1.037    1.164    1.257    1.387    1.389    3.042    3.392    3.458
    4.083
            0.000000  0.067358  0.000000
  -57.018  -32.993  -32.959  -32.952  -15.112  -14.172   -6.384   -3.600   -3.428   -3.136
   -2.569   -2.419   -1.026    1.190    1.296    1.364    1.405    3.000    3.374    3.425
    4.050
            0.000000  0.057735  0.000000
  -57.018  -32.993  -32.957  -32.952  -15.122  -14.176   -6.397   -3.565   -3.438   -3.099
   -2.550   -2.434   -1.017    1.210    1.334    1.342    1.419    2.960    3.358    3.397
    4.022
            0.000000  0.048113  0.000000
  -57.019  -32.994  -32.954  -32.951  -15.130  -14.180   -6.408   -3.534   -3.446   -3.065
   -2.533   -2.448   -1.010    1.231    1.325    1.369    1.430    2.922    3.344    3.373
    3.999
            0.000000  0.038490  0.000000
  -57.019  -32.994  -32.953  -32.951  -15.137  -14.183   -6.418   -3.509   -3.453   -3.036
   -2.519   -2.464   -1.004    1.246    1.310    1.399    1.439    2.889    3.333    3.354
    3.980
            0.000000  0.028868  0.000000
  -57.019  -32.994  -32.952  -32.950  -15.143  -14.186   -6.425   -3.490   -3.458   -3.011
   -2.508   -2.476   -1.000    1.263    1.298    1.422    1.446    2.861    3.324    3.339
    3.966
            0.000000  0.019245  0.000000
  -57.019  -32.994  -32.951  -32.950  -15.146  -14.187   -6.430   -3.475   -3.462   -2.993
   -2.500   -2.485   -0.996    1.274    1.290    1.442    1.451    2.840    3.318    3.329
    3.956
            0.000000  0.009623  0.000000
  -57.019  -32.995  -32.950  -32.950  -15.149  -14.188   -6.433   -3.466   -3.464   -2.981
   -2.495   -2.492   -0.995    1.281    1.285    1.453    1.454    2.828    3.314    3.323
    3.950
            0.000000  0.000000  0.000000
  -57.019  -32.994  -32.949  -32.949  -15.149  -14.189   -6.434   -3.463   -3.463   -2.977
   -2.493   -2.493   -0.993    1.284    1.284    1.458    1.458    2.823    3.313    3.321
    3.948
           -0.005556  0.009623  0.000000
  -57.019  -32.995  -32.950  -32.950  -15.148  -14.188   -6.433   -3.469   -3.464   -2.983
   -2.496   -2.491   -0.995    1.280    1.285    1.450    1.454    2.829    3.315    3.323
    3.951
           -0.011111  0.019245  0.000000
  -57.019  -32.994  -32.951  -32.950  -15.145  -14.187   -6.429   -3.480   -3.461   -2.998
   -2.502   -2.482   -0.997    1.271    1.292    1.436    1.450    2.846    3.320    3.332
    3.959
           -0.016667  0.028868  0.000000
  -57.019  -32.994  -32.952  -32.951  -15.140  -14.184   -6.422   -3.498   -3.456   -3.022
   -2.513   -2.471   -1.001    1.255    1.303    1.412    1.442    2.873    3.328    3.345
    3.972
           -0.022222  0.038490  0.000000
  -57.019  -32.994  -32.953  -32.951  -15.133  -14.181   -6.412   -3.523   -3.448   -3.054
   -2.528   -2.454   -1.006    1.236    1.319    1.381    1.434    2.909    3.340    3.365
    3.991
           -0.027778  0.048113  0.000000
  -57.018  -32.993  -32.956  -32.951  -15.124  -14.177   -6.400   -3.556   -3.441   -3.091
   -2.547   -2.436   -1.015    1.214    1.340    1.344    1.420    2.951    3.354    3.391
    4.016
           -0.033333  0.057735  0.000000
  -57.018  -32.993  -32.959  -32.952  -15.113  -14.172   -6.385   -3.595   -3.431   -3.133
   -2.571   -2.416   -1.026    1.189    1.303    1.364    1.404    2.997    3.372    3.423
    4.048
           -0.038889  0.067358  0.000000
  -57.018  -32.992  -32.962  -32.953  -15.100  -14.166   -6.367   -3.640   -3.418   -3.179
   -2.599   -2.398   -1.038    1.161    1.256    1.386    1.393    3.046    3.393    3.461
    4.086
           -0.044444  0.076980  0.000000
  -57.018  -32.991  -32.966  -32.954  -15.085  -14.159   -6.347   -3.693   -3.404   -3.227
   -2.633   -2.381   -1.053    1.132    1.206    1.366    1.425    3.095    3.417    3.506
    4.131
           -0.050000  0.086603  0.000000
  -57.018  -32.991  -32.969  -32.955  -15.068  -14.152   -6.324   -3.747   -3.387   -3.278
   -2.671   -2.364   -1.069    1.102    1.161    1.345    1.461    3.145    3.444    3.555
    4.184
           -0.055556  0.096225  0.000000
  -57.018  -32.990  -32.974  -32.956  -15.050  -14.143   -6.299   -3.808   -3.370   -3.331
   -2.715   -2.350   -1.088    1.071    1.111    1.320    1.500    3.194    3.474    3.609
    4.245
           -0.061111  0.105848  0.000000
  -57.017  -32.989  -32.978  -32.957  -15.029  -14.134   -6.272   -3.870   -3.383   -3.350
   -2.762   -2.336   -1.109    1.046    1.066    1.295    1.543    3.242    3.507    3.666
    4.314
           -0.066667  0.115470  0.000000
  -57.017  -32.989  -32.983  -32.959  -15.007  -14.124   -6.243   -3.938   -3.439   -3.331
   -2.816   -2.324   -1.134    1.018    1.020    1.266    1.586    3.291    3.543    3.724
    4.391
           -0.072222  0.125093  0.000000
  -57.017  -32.988  -32.988  -32.960  -14.983  -14.113   -6.211   -4.007   -3.494   -3.308
   -2.874   -2.315   -1.161    0.977    0.995    1.240    1.633    3.339    3.582    3.784
    4.476
           -0.077778  0.134715  0.000000
  -57.016  -32.992  -32.987  -32.961  -14.957  -14.101   -6.177   -4.078   -3.548   -3.286
   -2.935   -2.306   -1.190    0.939    0.976    1.212    1.684    3.389    3.623    3.844
    4.568
           -0.083333  0.144338  0.000000
  -57.016  -32.998  -32.986  -32.963  -14.930  -14.089   -6.142   -4.153   -3.604   -3.262
   -3.000   -2.300   -1.225    0.900    0.960    1.183    1.736    3.439    3.667    3.904
    4.665
           -0.088889  0.153960  0.000000
  -57.015  -33.004  -32.984  -32.964  -14.901  -14.076   -6.105   -4.228   -3.659   -3.239
   -3.067   -2.295   -1.259    0.865    0.950    1.156    1.793    3.491    3.715    3.965
    4.767
           -0.094444  0.163583  0.000000
  -57.015  -33.008  -32.982  -32.965  -14.871  -14.062   -6.066   -4.302   -3.713   -3.213
   -3.139   -2.292   -1.293    0.836    0.944    1.131    1.849    3.545    3.765    4.026
    4.872
           -0.100000  0.173205  0.000000
  -57.014  -33.014  -32.981  -32.967  -14.840  -14.047   -6.026   -4.380   -3.769   -3.213
   -3.189   -2.291   -1.332    0.804    0.939    1.107    1.905    3.600    3.817    4.088
    4.929
           -0.105556  0.182828  0.000000
  -57.014  -33.020  -32.979  -32.969  -14.807  -14.032   -5.986   -4.456   -3.824   -3.289
   -3.165   -2.292   -1.373    0.777    0.939    1.087    1.962    3.658    3.873    4.150
    4.982
           -0.111111  0.192450  0.000000
  -57.013  -33.026  -32.978  -32.971  -14.773  -14.017   -5.944   -4.532   -3.880   -3.366
   -3.143   -2.295   -1.414    0.751    0.941    1.069    2.018    3.717    3.931    4.214
    5.038
           -0.116667  0.202073  0.000000
  -57.013  -33.032  -32.976  -32.972  -14.737  -14.001   -5.902   -4.606   -3.935   -3.444
   -3.124   -2.299   -1.456    0.727    0.949    1.051    2.074    3.779    3.992    4.279
    5.097
           -0.122222  0.211695  0.000000
  -57.012  -33.039  -32.975  -32.975  -14.701  -13.984   -5.861   -4.681   -3.992   -3.521
   -3.107   -2.306   -1.499    0.701    0.958    1.038    2.129    3.843    4.055    4.345
    5.158
           -0.127778  0.221318  0.000000
  -57.012  -33.045  -32.977  -32.973  -14.664  -13.967   -5.820   -4.752   -4.050   -3.596
   -3.093   -2.314   -1.540    0.678    0.973    1.029    2.185    3.910    4.121    4.413
    5.221
           -0.133333  0.230940  0.000000
  -57.011  -33.050  -32.978  -32.972  -14.626  -13.950   -5.779   -4.820   -4.110   -3.668
   -3.082   -2.324   -1.578    0.660    0.991    1.025    2.240    3.978    4.190    4.483
    5.286
           -0.138889  0.240563  0.000000
  -57.010  -33.057  -32.982  -32.970  -14.587  -13.932   -5.741   -4.885   -4.172   -3.738
   -3.077   -2.336   -1.618    0.636    1.009    1.021    2.290    4.049    4.261    4.554
    5.354
           -0.144444  0.250185  0.000000
  -57.010  -33.064  -32.985  -32.969  -14.547  -13.914   -5.706   -4.945   -4.238   -3.802
   -3.076   -2.350   -1.655    0.617    1.022    1.030    2.339    4.122    4.335    4.627
    5.424
           -0.150000  0.259808  0.000000
  -57.009  -33.070  -32.988  -32.967  -14.507  -13.896   -5.675   -4.999   -4.306   -3.862
   -3.080   -2.365   -1.685    0.602    1.024    1.054    2.386    4.197    4.411    4.703
    5.496
           -0.155556  0.269430  0.000000
  -57.009  -33.076  -32.990  -32.965  -14.467  -13.877   -5.650   -5.044   -4.377   -3.914
   -3.090   -2.382   -1.711    0.591    1.031    1.084    2.435    4.275    4.490    4.781
    5.570
           -0.161111  0.279053  0.000000
  -57.008  -33.081  -32.992  -32.963  -14.426  -13.858   -5.633   -5.080   -4.451   -3.961
   -3.105   -2.401   -1.731    0.584    1.040    1.115    2.479    4.354    4.571    4.860
    5.646
           -0.166667  0.288675  0.000000
  -57.008  -33.088  -32.996  -32.962  -14.385  -13.840   -5.626   -5.104   -4.527   -4.005
   -3.128   -2.422   -1.751    0.579    1.045    1.144    2.516    4.435    4.654    4.942
    5.724
           -0.172222  0.298298  0.000000
  -57.007  -33.093  -32.998  -32.961  -14.344  -13.821   -5.628   -5.115   -4.605   -4.042
   -3.157   -2.444   -1.761    0.582    1.055    1.177    2.552    4.519    4.739    5.026
    5.804
           -0.177778  0.307920  0.000000
  -57.007  -33.099  -33.001  -32.960  -14.303  -13.802   -5.642   -5.115   -4.683   -4.076
   -3.192   -2.469   -1.770    0.586    1.063    1.209    2.582    4.603    4.826    5.112
    5.886
           -0.183333  0.317543  0.000000
  -57.006  -33.104  -33.005  -32.959  -14.263  -13.784   -5.663   -5.104   -4.763   -4.104
   -3.232   -2.495   -1.774    0.597    1.070    1.241    2.612    4.689    4.916    5.200
    5.970
           -0.188889  0.327165  0.000000
  -57.006  -33.108  -33.008  -32.958  -14.223  -13.765   -5.690   -5.087   -4.841   -4.128
   -3.279   -2.522   -1.772    0.613    1.077    1.278    2.638    4.776    5.007    5.290
    6.055
           -0.194444  0.336788  0.000000
  -57.005  -33.113  -33.011  -32.956  -14.183  -13.747   -5.719   -5.065   -4.918   -4.148
   -3.330   -2.550   -1.768    0.632    1.082    1.316    2.662    4.862    5.101    5.381
    6.052
           -0.200000  0.346410  0.000000
  -57.005  -33.118  -33.015  -32.955  -14.144  -13.729   -5.749   -5.040   -4.994   -4.165
   -3.386   -2.580   -1.760    0.656    1.087    1.353    2.682    4.949    5.196    5.474
    5.995
           -0.205556  0.356033  0.000000
  -57.004  -33.122  -33.018  -32.954  -14.105  -13.711   -5.779   -5.068   -5.014   -4.179
   -3.445   -2.611   -1.748    0.683    1.091    1.391    2.699    5.034    5.292    5.567
    5.938
           -0.211111  0.365655  0.000000
  -57.004  -33.125  -33.022  -32.952  -14.068  -13.694   -5.806   -5.140   -4.987   -4.189
   -3.508   -2.644   -1.733    0.712    1.096    1.429    2.718    5.115    5.391    5.656
    5.889
           -0.216667  0.375278  0.000000
  -57.003  -33.128  -33.026  -32.951  -14.031  -13.677   -5.831   -5.209   -4.961   -4.197
   -3.574   -2.677   -1.715    0.742    1.101    1.465    2.731    5.189    5.490    5.724
    5.870
           -0.222222  0.384900  0.000000
  -57.003  -33.132  -33.030  -32.949  -13.996  -13.661   -5.854   -5.277   -4.937   -4.202
   -3.642   -2.711   -1.695    0.768    1.105    1.500    2.739    5.250    5.591    5.736
    5.918
           -0.227778  0.394523  0.000000
  -57.002  -33.134  -33.033  -32.948  -13.962  -13.645   -5.872   -5.341   -4.913   -4.205
   -3.712   -2.746   -1.669    0.791    1.121    1.535    2.750    5.290    5.693    5.729
    6.005
           -0.233333  0.404145  0.000000
  -57.002  -33.136  -33.036  -32.947  -13.929  -13.629   -5.886   -5.402   -4.892   -4.205
   -3.784   -2.781   -1.643    0.803    1.144    1.568    2.759    5.304    5.736    5.797
    6.102
           -0.238889  0.413768  0.000000
  -57.001  -33.137  -33.040  -32.945  -13.898  -13.615   -5.895   -5.461   -4.872   -4.202
   -3.857   -2.817   -1.610    0.809    1.179    1.599    2.769    5.291    5.762    5.900
    6.199
           -0.244444  0.423390  0.000000
  -57.001  -33.139  -33.043  -32.944  -13.868  -13.601   -5.901   -5.516   -4.854   -4.197
   -3.932   -2.854   -1.578    0.799    1.222    1.625    2.775    5.260    5.793    6.004
    6.292
           -0.250000  0.433013  0.000000
  -57.001  -33.141  -33.047  -32.944  -13.840  -13.588   -5.902   -5.569   -4.838   -4.192
   -4.008   -2.890   -1.545    0.776    1.272    1.648    2.778    5.218    5.819    6.108
    6.381
           -0.255556  0.442635  0.000000
  -57.000  -33.142  -33.051  -32.943  -13.814  -13.575   -5.899   -5.617   -4.825   -4.184
   -4.084   -2.926   -1.510    0.747    1.328    1.672    2.786    5.173    5.831    6.212
    6.467
           -0.261111  0.452258  0.000000
  -57.000  -33.142  -33.055  -32.942  -13.789  -13.563   -5.891   -5.663   -4.814   -4.175
   -4.159   -2.961   -1.474    0.714    1.388    1.689    2.794    5.127    5.825    6.316
    6.553
           -0.266667  0.461880  0.000000
  -57.000  -33.142  -33.059  -32.942  -13.767  -13.553   -5.878   -5.704   -4.806   -4.235
   -4.164   -2.996   -1.436    0.676    1.449    1.705    2.802    5.083    5.803    6.418
    6.643
           -0.272222  0.471503  0.000000
  -57.000  -33.142  -33.063  -32.941  -13.746  -13.543   -5.860   -5.743   -4.800   -4.310
   -4.153   -3.030   -1.398    0.634    1.509    1.715    2.811    5.041    5.768    6.518
    6.741
           -0.277778  0.481125  0.000000
  -56.999  -33.141  -33.067  -32.941  -13.727  -13.534   -5.838   -5.777   -4.797   -4.383
   -4.140   -3.062   -1.359    0.591    1.569    1.724    2.821    5.004    5.725    6.617
    6.845
           -0.283333  0.490748  0.000000
  -56.999  -33.140  -33.071  -32.940  -13.710  -13.525   -5.811   -5.808   -4.798   -4.452
   -4.128   -3.093   -1.320    0.548    1.628    1.731    2.833    4.972    5.678    6.712
    6.954
           -0.288889  0.500370  0.000000
  -56.999  -33.139  -33.074  -32.939  -13.695  -13.518   -5.835   -5.779   -4.804   -4.517
   -4.115   -3.121   -1.282    0.504    1.683    1.737    2.849    4.945    5.627    6.803
    7.065
           -0.294444  0.509993  0.000000
  -56.999  -33.137  -33.078  -32.939  -13.682  -13.512   -5.859   -5.744   -4.818   -4.574
   -4.102   -3.147   -1.249    0.462    1.730    1.738    2.859    4.924    5.575    6.889
    7.178
           -0.300000  0.519615  0.000000
  -56.999  -33.135  -33.082  -32.939  -13.671  -13.506   -5.880   -5.705   -4.842   -4.620
   -4.091   -3.171   -1.215    0.421    1.737    1.778    2.869    4.911    5.523    6.969
    7.290
           -0.305556  0.529238  0.000000
  -56.999  -33.133  -33.085  -32.939  -13.662  -13.502   -5.897   -5.664   -4.877   -4.653
   -4.080   -3.192   -1.185    0.385    1.736    1.819    2.881    4.905    5.473    7.039
    7.398
           -0.311111  0.538860  0.000000
  -56.999  -33.132  -33.089  -32.939  -13.655  -13.498   -5.911   -5.622   -4.921   -4.674
   -4.071   -3.209   -1.161    0.349    1.733    1.849    2.891    4.905    5.424    7.100
    7.498
           -0.316667  0.548483  0.000000
  -56.999  -33.131  -33.092  -32.939  -13.650  -13.495   -5.922   -5.581   -4.966   -4.687
   -4.064   -3.223   -1.141    0.324    1.728    1.874    2.896    4.911    5.380    7.148
    7.586
           -0.322222  0.558105  0.000000
  -56.999  -33.129  -33.094  -32.939  -13.646  -13.493   -5.929   -5.545   -5.007   -4.695
   -4.058   -3.233   -1.127    0.304    1.726    1.891    2.903    4.921    5.343    7.182
    7.654
           -0.327778  0.567728  0.000000
  -56.998  -33.128  -33.095  -32.939  -13.643  -13.492   -5.934   -5.518   -5.037   -4.700
   -4.055   -3.238   -1.117    0.298    1.724    1.902    2.907    4.932    5.316    7.202
    7.697
           -0.333333  0.577350  0.000000
  -56.999  -33.129  -33.097  -32.939  -13.643  -13.492   -5.936   -5.509   -5.048   -4.702
   -4.054   -3.242   -1.119    0.292    1.720    1.900    2.903    4.934    5.306    7.209
    7.710
           -0.327778  0.577350  0.000000
  -56.999  -33.129  -33.097  -32.939  -13.643  -13.492   -5.935   -5.511   -5.045   -4.701
   -4.054   -3.241   -1.118    0.293    1.722    1.900    2.905    4.933    5.309    7.207
    7.707
           -0.322222  0.577350  0.000000
  -56.999  -33.128  -33.095  -32.939  -13.643  -13.492   -5.934   -5.519   -5.036   -4.699
   -4.055   -3.239   -1.118    0.295    1.724    1.902    2.906    4.930    5.317    7.203
    7.698
           -0.316667  0.577350  0.000000
  -56.999  -33.129  -33.095  -32.939  -13.644  -13.492   -5.932   -5.531   -5.024   -4.697
   -4.056   -3.236   -1.122    0.299    1.726    1.896    2.905    4.921    5.332    7.196
    7.682
           -0.311111  0.577350  0.000000
  -56.999  -33.130  -33.094  -32.939  -13.645  -13.493   -5.930   -5.547   -5.007   -4.693
   -4.058   -3.233   -1.127    0.305    1.728    1.890    2.903    4.910    5.352    7.187
    7.662
           -0.305556  0.577350  0.000000
  -56.999  -33.131  -33.092  -32.939  -13.647  -13.494   -5.927   -5.567   -4.988   -4.687
   -4.060   -3.229   -1.132    0.314    1.730    1.885    2.899    4.896    5.377    7.176
    7.638
           -0.300000  0.577350  0.000000
  -56.999  -33.132  -33.091  -32.939  -13.649  -13.495   -5.923   -5.589   -4.968   -4.678
   -4.062   -3.225   -1.139    0.323    1.733    1.876    2.895    4.880    5.407    7.163
    7.611
           -0.294444  0.577350  0.000000
  -56.999  -33.132  -33.089  -32.939  -13.651  -13.496   -5.920   -5.613   -4.947   -4.667
   -4.065   -3.220   -1.146    0.335    1.736    1.868    2.889    4.863    5.441    7.148
    7.581
           -0.288889  0.577350  0.000000
  -56.998  -33.134  -33.087  -32.938  -13.653  -13.497   -5.915   -5.638   -4.928   -4.651
   -4.068   -3.214   -1.154    0.350    1.742    1.858    2.884    4.843    5.479    7.133
    7.548
           -0.283333  0.577350  0.000000
  -56.998  -33.135  -33.085  -32.938  -13.655  -13.498   -5.909   -5.664   -4.910   -4.632
   -4.071   -3.207   -1.163    0.364    1.748    1.846    2.879    4.823    5.520    7.116
    7.513
           -0.277778  0.577350  0.000000
  -56.998  -33.136  -33.083  -32.938  -13.658  -13.500   -5.904   -5.691   -4.895   -4.608
   -4.074   -3.201   -1.174    0.378    1.753    1.833    2.871    4.801    5.563    7.099
    7.477
           -0.272222  0.577350  0.000000
  -56.999  -33.137  -33.082  -32.939  -13.661  -13.501   -5.898   -5.719   -4.883   -4.580
   -4.078   -3.194   -1.186    0.393    1.758    1.818    2.861    4.779    5.609    7.081
    7.439
           -0.266667  0.577350  0.000000
  -56.999  -33.139  -33.079  -32.938  -13.664  -13.503   -5.892   -5.747   -4.874   -4.547
   -4.081   -3.186   -1.198    0.411    1.767    1.803    2.853    4.756    5.657    7.062
    7.401
           -0.261111  0.577350  0.000000
  -56.999  -33.140  -33.077  -32.938  -13.668  -13.505   -5.885   -5.775   -4.867   -4.510
   -4.085   -3.178   -1.210    0.428    1.776    1.789    2.843    4.734    5.707    7.043
    7.361
           -0.255556  0.577350  0.000000
  -56.999  -33.142  -33.075  -32.938  -13.671  -13.507   -5.878   -5.804   -4.862   -4.471
   -4.088   -3.170   -1.223    0.445    1.772    1.785    2.831    4.710    5.759    7.024
    7.321
           -0.250000  0.577350  0.000000
  -56.999  -33.143  -33.073  -32.939  -13.675  -13.509   -5.871   -5.832   -4.860   -4.429
   -4.091   -3.162   -1.237    0.462    1.752    1.794    2.819    4.687    5.813    7.005
    7.280
           -0.244444  0.577350  0.000000
  -56.999  -33.145  -33.071  -32.939  -13.679  -13.511   -5.864   -5.860   -4.859   -4.384
   -4.094   -3.154   -1.252    0.480    1.733    1.804    2.806    4.663    5.868    6.985
    7.238
           -0.238889  0.577350  0.000000
  -56.999  -33.147  -33.069  -32.939  -13.683  -13.514   -5.888   -5.856   -4.859   -4.337
   -4.097   -3.146   -1.266    0.498    1.713    1.815    2.791    4.639    5.923    6.966
    7.196
           -0.233333  0.577350  0.000000
  -56.999  -33.148  -33.067  -32.939  -13.687  -13.516   -5.916   -5.848   -4.859   -4.289
   -4.100   -3.137   -1.280    0.518    1.695    1.829    2.779    4.615    5.981    6.946
    7.153
           -0.227778  0.577350  0.000000
  -56.999  -33.149  -33.065  -32.939  -13.692  -13.518   -5.943   -5.840   -4.861   -4.240
   -4.102   -3.129   -1.295    0.537    1.676    1.842    2.764    4.591    6.039    6.927
    7.111
           -0.222222  0.577350  0.000000
  -56.999  -33.150  -33.063  -32.939  -13.696  -13.521   -5.970   -5.831   -4.862   -4.189
   -4.105   -3.121   -1.308    0.556    1.656    1.855    2.750    4.568    6.098    6.908
    7.068
           -0.216667  0.577350  0.000000
  -56.999  -33.152  -33.060  -32.939  -13.700  -13.523   -5.997   -5.823   -4.864   -4.137
   -4.106   -3.113   -1.322    0.574    1.637    1.869    2.734    4.544    6.157    6.889
    7.025
           -0.211111  0.577350  0.000000
  -56.999  -33.153  -33.059  -32.939  -13.705  -13.526   -6.023   -5.815   -4.867   -4.108
   -4.084   -3.105   -1.338    0.592    1.615    1.885    2.717    4.520    6.215    6.871
    6.983
           -0.205556  0.577350  0.000000
  -56.999  -33.155  -33.056  -32.939  -13.709  -13.528   -6.049   -5.806   -4.870   -4.109
   -4.031   -3.098   -1.351    0.611    1.596    1.904    2.701    4.498    6.274    6.852
    6.941
           -0.200000  0.577350  0.000000
  -56.999  -33.156  -33.053  -32.939  -13.714  -13.531   -6.075   -5.797   -4.872   -4.109
   -3.977   -3.090   -1.364    0.629    1.577    1.922    2.684    4.475    6.331    6.834
    6.902
           -0.194444  0.577350  0.000000
  -56.999  -33.158  -33.051  -32.939  -13.719  -13.533   -6.100   -5.789   -4.875   -4.109
   -3.922   -3.083   -1.377    0.647    1.557    1.940    2.666    4.453    6.385    6.816
    6.865
           -0.188889  0.577350  0.000000
  -56.999  -33.159  -33.049  -32.940  -13.723  -13.536   -6.124   -5.780   -4.879   -4.109
   -3.867   -3.076   -1.392    0.664    1.538    1.959    2.648    4.430    6.433    6.798
    6.834
           -0.183333  0.577350  0.000000
  -56.999  -33.160  -33.047  -32.940  -13.728  -13.539   -6.148   -5.772   -4.882   -4.108
   -3.812   -3.070   -1.404    0.681    1.519    1.979    2.630    4.408    6.471    6.781
    6.814
           -0.177778  0.577350  0.000000
  -56.999  -33.162  -33.045  -32.940  -13.733  -13.541   -6.171   -5.764   -4.886   -4.108
   -3.756   -3.064   -1.418    0.697    1.499    1.999    2.611    4.385    6.493    6.763
    6.809
           -0.172222  0.577350  0.000000
  -57.000  -33.163  -33.043  -32.940  -13.737  -13.544   -6.194   -5.756   -4.889   -4.106
   -3.700   -3.058   -1.431    0.713    1.480    2.019    2.593    4.363    6.494    6.746
    6.825
           -0.166667  0.577350  0.000000
  -57.000  -33.164  -33.041  -32.941  -13.742  -13.547   -6.216   -5.748   -4.894   -4.105
   -3.644   -3.053   -1.446    0.726    1.459    2.036    2.574    4.341    6.476    6.728
    6.858
           -0.161111  0.577350  0.000000
  -57.000  -33.165  -33.039  -32.941  -13.746  -13.549   -6.238   -5.740   -4.898   -4.103
   -3.588   -3.048   -1.459    0.741    1.442    2.060    2.557    4.320    6.447    6.711
    6.903
           -0.155556  0.577350  0.000000
  -57.000  -33.167  -33.037  -32.941  -13.751  -13.552   -6.259   -5.732   -4.901   -4.100
   -3.532   -3.043   -1.473    0.754    1.425    2.080    2.540    4.298    6.410    6.694
    6.955
           -0.150000  0.577350  0.000000
  -57.000  -33.168  -33.035  -32.942  -13.755  -13.554   -6.279   -5.725   -4.905   -4.098
   -3.476   -3.039   -1.484    0.766    1.409    2.101    2.523    4.278    6.370    6.675
    7.010
           -0.144444  0.577350  0.000000
  -57.000  -33.169  -33.033  -32.942  -13.760  -13.557   -6.299   -5.718   -4.908   -4.094
   -3.420   -3.035   -1.496    0.779    1.394    2.123    2.508    4.257    6.327    6.657
    7.065
           -0.138889  0.577350  0.000000
  -57.000  -33.170  -33.031  -32.942  -13.764  -13.559   -6.318   -5.711   -4.912   -4.090
   -3.364   -3.031   -1.510    0.791    1.379    2.144    2.493    4.237    6.283    6.637
    7.026
           -0.133333  0.577350  0.000000
  -57.000  -33.171  -33.029  -32.942  -13.768  -13.562   -6.336   -5.704   -4.916   -4.086
   -3.309   -3.028   -1.524    0.800    1.363    2.164    2.480    4.217    6.238    6.615
    6.963
           -0.127778  0.577350  0.000000
  -57.000  -33.172  -33.028  -32.942  -13.772  -13.564   -6.354   -5.698   -4.920   -4.082
   -3.254   -3.025   -1.537    0.809    1.350    2.183    2.469    4.197    6.193    6.590
    6.905
           -0.122222  0.577350  0.000000
  -57.000  -33.173  -33.025  -32.942  -13.776  -13.566   -6.371   -5.691   -4.923   -4.076
   -3.199   -3.023   -1.549    0.818    1.339    2.203    2.461    4.178    6.149    6.563
    6.852
           -0.116667  0.577350  0.000000
  -57.000  -33.173  -33.024  -32.942  -13.780  -13.568   -6.387   -5.685   -4.927   -4.071
   -3.145   -3.020   -1.563    0.825    1.327    2.218    2.459    4.159    6.105    6.530
    6.807
           -0.111111  0.577350  0.000000
  -57.000  -33.174  -33.023  -32.942  -13.784  -13.571   -6.403   -5.679   -4.931   -4.066
   -3.092   -3.018   -1.578    0.830    1.315    2.227    2.457    4.140    6.062    6.493
    6.767
           -0.105556  0.577350  0.000000
  -57.000  -33.175  -33.022  -32.942  -13.788  -13.573   -6.418   -5.674   -4.935   -4.061
   -3.040   -3.017   -1.594    0.835    1.305    2.234    2.461    4.121    6.020    6.451
    6.734
           -0.100000  0.577350  0.000000
  -57.000  -33.176  -33.020  -32.942  -13.791  -13.575   -6.432   -5.669   -4.938   -4.055
   -3.016   -2.988   -1.607    0.839    1.297    2.237    2.469    4.104    5.979    6.405
    6.707
           -0.094444  0.577350  0.000000
  -57.001  -33.177  -33.019  -32.942  -13.795  -13.577   -6.446   -5.664   -4.942   -4.050
   -3.015   -2.938   -1.622    0.842    1.290    2.236    2.481    4.086    5.940    6.357
    6.685
           -0.088889  0.577350  0.000000
  -57.001  -33.177  -33.018  -32.943  -13.798  -13.578   -6.458   -5.659   -4.945   -4.045
   -3.014   -2.888   -1.638    0.843    1.282    2.232    2.496    4.070    5.902    6.308
    6.667
           -0.083333  0.577350  0.000000
  -57.001  -33.178  -33.017  -32.943  -13.801  -13.580   -6.471   -5.655   -4.949   -4.039
   -3.014   -2.840   -1.654    0.843    1.275    2.225    2.513    4.053    5.866    6.259
    6.651
           -0.077778  0.577350  0.000000
  -57.001  -33.179  -33.016  -32.943  -13.804  -13.582   -6.482   -5.651   -4.952   -4.033
   -3.014   -2.792   -1.669    0.844    1.270    2.218    2.532    4.038    5.832    6.211
    6.638
           -0.072222  0.577350  0.000000
  -57.001  -33.180  -33.015  -32.943  -13.806  -13.584   -6.492   -5.648   -4.954   -4.027
   -3.014   -2.746   -1.685    0.845    1.267    2.210    2.554    4.024    5.800    6.164
    6.627
           -0.066667  0.577350  0.000000
  -57.001  -33.180  -33.013  -32.943  -13.809  -13.585   -6.502   -5.644   -4.956   -4.021
   -3.014   -2.702   -1.699    0.847    1.264    2.203    2.575    4.010    5.770    6.119
    6.617
           -0.061111  0.577350  0.000000
  -57.001  -33.181  -33.013  -32.943  -13.811  -13.586   -6.511   -5.641   -4.960   -4.016
   -3.014   -2.660   -1.716    0.842    1.261    2.194    2.594    3.997    5.741    6.076
    6.609
           -0.055556  0.577350  0.000000
  -57.001  -33.181  -33.012  -32.944  -13.813  -13.588   -6.519   -5.638   -4.961   -4.012
   -3.015   -2.619   -1.731    0.840    1.258    2.185    2.611    3.985    5.716    6.036
    6.601
           -0.050000  0.577350  0.000000
  -57.001  -33.182  -33.012  -32.944  -13.815  -13.589   -6.527   -5.636   -4.963   -4.009
   -3.016   -2.580   -1.747    0.838    1.256    2.177    2.626    3.974    5.692    5.998
    6.594
           -0.044444  0.577350  0.000000
  -57.001  -33.182  -33.010  -32.944  -13.817  -13.590   -6.534   -5.633   -4.965   -4.003
   -3.016   -2.544   -1.762    0.838    1.256    2.171    2.647    3.964    5.671    5.964
    6.588
           -0.038889  0.577350  0.000000
  -57.001  -33.182  -33.010  -32.944  -13.819  -13.591   -6.540   -5.631   -4.967   -3.999
   -3.016   -2.511   -1.778    0.836    1.255    2.164    2.662    3.955    5.652    5.934
    6.583
           -0.033333  0.577350  0.000000
  -57.001  -33.183  -33.010  -32.944  -13.820  -13.591   -6.545   -5.630   -4.968   -3.995
   -3.017   -2.480   -1.793    0.834    1.256    2.159    2.678    3.947    5.636    5.907
    6.579
           -0.027778  0.577350  0.000000
  -57.001  -33.183  -33.010  -32.944  -13.821  -13.592   -6.549   -5.629   -4.970   -3.993
   -3.018   -2.453   -1.807    0.832    1.255    2.152    2.688    3.940    5.621    5.884
    6.575
           -0.022222  0.577350  0.000000
  -57.001  -33.183  -33.009  -32.944  -13.822  -13.593   -6.553   -5.627   -4.970   -3.990
   -3.018   -2.430   -1.817    0.831    1.255    2.148    2.699    3.934    5.610    5.865
    6.572
           -0.016667  0.577350  0.000000
  -57.001  -33.183  -33.008  -32.944  -13.823  -13.593   -6.555   -5.627   -4.971   -3.988
   -3.018   -2.411   -1.827    0.830    1.255    2.145    2.707    3.930    5.602    5.850
    6.570
           -0.011111  0.577350  0.000000
  -57.001  -33.184  -33.008  -32.944  -13.823  -13.593   -6.557   -5.626   -4.971   -3.987
   -3.019   -2.398   -1.833    0.827    1.254    2.141    2.712    3.927    5.595    5.839
    6.568
           -0.005556  0.577350  0.000000
  -57.001  -33.183  -33.008  -32.944  -13.824  -13.594   -6.558   -5.625   -4.972   -3.986
   -3.019   -2.389   -1.839    0.827    1.255    2.142    2.716    3.925    5.591    5.832
    6.568
            0.000000  0.577350  0.000000
  -57.001  -33.183  -33.008  -32.944  -13.824  -13.594   -6.559   -5.625   -4.972   -3.986
   -3.019   -2.386   -1.840    0.830    1.255    2.142    2.718    3.924    5.590    5.830
    6.568
