 &plot nbnd=  42, nks=   181 /
            0.000000  0.577350  0.000000
  -56.646  -56.646  -34.208  -34.208  -32.175  -32.175  -32.031  -32.031  -13.793  -13.793
  -13.571  -13.571   -6.529   -6.529   -5.614   -5.614   -4.958   -4.958   -3.966   -3.966
   -3.040   -3.040   -2.345   -2.345   -1.805   -1.805    0.832    0.832    1.246    1.246
    2.142    2.142    2.690    2.690    3.968    3.968    5.600    5.600    5.839    5.839
    6.550    6.550
            0.000000  0.567728  0.000000
  -56.646  -56.646  -34.208  -34.208  -32.175  -32.175  -32.031  -32.031  -13.794  -13.794
  -13.572  -13.572   -6.528   -6.528   -5.612   -5.612   -4.959   -4.959   -3.966   -3.966
   -3.040   -3.040   -2.346   -2.346   -1.807   -1.807    0.832    0.832    1.245    1.245
    2.141    2.141    2.690    2.690    3.972    3.972    5.597    5.597    5.838    5.838
    6.543    6.543
            0.000000  0.558105  0.000000
  -56.646  -56.646  -34.208  -34.208  -32.174  -32.174  -32.031  -32.031  -13.797  -13.797
  -13.573  -13.573   -6.522   -6.522   -5.607   -5.607   -4.959   -4.959   -3.964   -3.964
   -3.039   -3.039   -2.348   -2.348   -1.810   -1.810    0.831    0.831    1.241    1.241
    2.138    2.138    2.688    2.688    3.986    3.986    5.588    5.588    5.835    5.835
    6.524    6.524
            0.000000  0.548483  0.000000
  -56.646  -56.646  -34.207  -34.207  -32.174  -32.174  -32.031  -32.031  -13.803  -13.803
  -13.576  -13.576   -6.514   -6.514   -5.599   -5.599   -4.960   -4.960   -3.960   -3.960
   -3.038   -3.038   -2.351   -2.351   -1.816   -1.816    0.829    0.829    1.236    1.236
    2.132    2.132    2.686    2.686    4.009    4.009    5.574    5.574    5.829    5.829
    6.495    6.495
            0.000000  0.538860  0.000000
  -56.646  -56.646  -34.207  -34.207  -32.173  -32.173  -32.031  -32.031  -13.811  -13.811
  -13.579  -13.579   -6.501   -6.501   -5.588   -5.588   -4.961   -4.961   -3.955   -3.955
   -3.035   -3.035   -2.355   -2.355   -1.823   -1.823    0.827    0.827    1.228    1.228
    2.124    2.124    2.682    2.682    4.040    4.040    5.554    5.554    5.820    5.820
    6.457    6.457
            0.000000  0.529238  0.000000
  -56.647  -56.647  -34.207  -34.207  -32.172  -32.172  -32.031  -32.031  -13.821  -13.821
  -13.583  -13.583   -6.486   -6.486   -5.573   -5.573   -4.962   -4.962   -3.948   -3.948
   -3.033   -3.033   -2.360   -2.360   -1.833   -1.833    0.824    0.824    1.219    1.219
    2.113    2.113    2.678    2.678    4.080    4.080    5.530    5.530    5.808    5.808
    6.412    6.412
            0.000000  0.519615  0.000000
  -56.647  -56.647  -34.206  -34.206  -32.171  -32.171  -32.032  -32.032  -13.833  -13.833
  -13.589  -13.589   -6.467   -6.467   -5.555   -5.555   -4.964   -4.964   -3.940   -3.940
   -3.029   -3.029   -2.367   -2.367   -1.844   -1.844    0.821    0.821    1.208    1.208
    2.100    2.100    2.672    2.672    4.128    4.128    5.501    5.501    5.793    5.793
    6.364    6.364
            0.000000  0.509993  0.000000
  -56.647  -56.647  -34.205  -34.205  -32.169  -32.169  -32.032  -32.032  -13.847  -13.847
  -13.595  -13.595   -6.445   -6.445   -5.535   -5.534   -4.967   -4.967   -3.931   -3.931
   -3.025   -3.025   -2.374   -2.374   -1.856   -1.856    0.818    0.818    1.195    1.195
    2.085    2.085    2.665    2.665    4.183    4.183    5.468    5.468    5.773    5.773
    6.316    6.316
            0.000000  0.500370  0.000000
  -56.647  -56.647  -34.205  -34.205  -32.168  -32.168  -32.032  -32.032  -13.863  -13.863
  -13.602  -13.602   -6.420   -6.420   -5.511   -5.511   -4.970   -4.970   -3.920   -3.920
   -3.020   -3.020   -2.383   -2.383   -1.869   -1.869    0.814    0.814    1.180    1.180
    2.068    2.068    2.658    2.658    4.244    4.244    5.431    5.431    5.747    5.747
    6.268    6.268
            0.000000  0.490748  0.000000
  -56.647  -56.647  -34.204  -34.204  -32.166  -32.166  -32.032  -32.032  -13.881  -13.881
  -13.610  -13.609   -6.392   -6.392   -5.484   -5.484   -4.974   -4.973   -3.907   -3.907
   -3.015   -3.015   -2.393   -2.393   -1.883   -1.883    0.810    0.810    1.165    1.165
    2.048    2.048    2.649    2.649    4.311    4.311    5.392    5.392    5.715    5.715
    6.189    6.189
            0.000000  0.481125  0.000000
  -56.648  -56.648  -34.203  -34.203  -32.164  -32.164  -32.032  -32.032  -13.901  -13.900
  -13.618  -13.618   -6.361   -6.361   -5.454   -5.454   -4.978   -4.978   -3.894   -3.894
   -3.008   -3.008   -2.404   -2.404   -1.896   -1.896    0.806    0.806    1.148    1.148
    2.026    2.026    2.639    2.639    4.383    4.383    5.351    5.351    5.675    5.675
    6.085    6.085
            0.000000  0.471503  0.000000
  -56.648  -56.648  -34.202  -34.202  -32.162  -32.162  -32.032  -32.032  -13.922  -13.922
  -13.628  -13.627   -6.327   -6.327   -5.421   -5.421   -4.984   -4.984   -3.879   -3.879
   -3.002   -3.002   -2.417   -2.417   -1.909   -1.909    0.802    0.802    1.130    1.130
    2.001    2.001    2.628    2.628    4.458    4.458    5.309    5.309    5.627    5.627
    5.983    5.983
            0.000000  0.461880  0.000000
  -56.648  -56.648  -34.201  -34.201  -32.160  -32.160  -32.032  -32.032  -13.945  -13.945
  -13.638  -13.638   -6.291   -6.291   -5.386   -5.386   -4.990   -4.990   -3.862   -3.862
   -2.994   -2.994   -2.430   -2.430   -1.921   -1.921    0.799    0.799    1.112    1.112
    1.975    1.975    2.616    2.616    4.535    4.535    5.268    5.268    5.571    5.571
    5.884    5.884
            0.000000  0.452258  0.000000
  -56.648  -56.648  -34.200  -34.200  -32.157  -32.157  -32.032  -32.032  -13.970  -13.970
  -13.649  -13.648   -6.252   -6.252   -5.348   -5.348   -4.997   -4.997   -3.844   -3.844
   -2.986   -2.986   -2.444   -2.444   -1.932   -1.932    0.796    0.796    1.093    1.093
    1.946    1.946    2.603    2.603    4.611    4.611    5.229    5.229    5.509    5.509
    5.787    5.787
            0.000000  0.442635  0.000000
  -56.649  -56.649  -34.198  -34.198  -32.154  -32.154  -32.032  -32.032  -13.996  -13.996
  -13.660  -13.660   -6.211   -6.211   -5.308   -5.308   -5.005   -5.005   -3.825   -3.825
   -2.977   -2.977   -2.460   -2.460   -1.941   -1.941    0.793    0.793    1.073    1.073
    1.915    1.915    2.588    2.588    4.680    4.680    5.197    5.198    5.442    5.442
    5.694    5.694
            0.000000  0.433013  0.000000
  -56.649  -56.649  -34.197  -34.197  -32.151  -32.151  -32.032  -32.032  -14.023  -14.023
  -13.672  -13.672   -6.169   -6.169   -5.266   -5.266   -5.014   -5.014   -3.804   -3.804
   -2.967   -2.967   -2.476   -2.476   -1.948   -1.947    0.791    0.791    1.053    1.053
    1.883    1.883    2.573    2.573    4.736    4.736    5.179    5.180    5.371    5.371
    5.605    5.605
            0.000000  0.423390  0.000000
  -56.649  -56.649  -34.196  -34.196  -32.148  -32.148  -32.032  -32.032  -14.052  -14.052
  -13.685  -13.685   -6.125   -6.125   -5.223   -5.222   -5.023   -5.023   -3.783   -3.783
   -2.957   -2.957   -2.493   -2.493   -1.952   -1.952    0.790    0.790    1.033    1.033
    1.848    1.848    2.556    2.556    4.767    4.767    5.184    5.184    5.297    5.297
    5.520    5.520
            0.000000  0.413768  0.000000
  -56.650  -56.650  -34.194  -34.194  -32.145  -32.145  -32.032  -32.032  -14.081  -14.081
  -13.698  -13.698   -6.079   -6.079   -5.179   -5.179   -5.030   -5.030   -3.759   -3.759
   -2.946   -2.946   -2.511   -2.511   -1.954   -1.954    0.790    0.790    1.012    1.012
    1.812    1.812    2.538    2.538    4.768    4.768    5.212    5.212    5.222    5.222
    5.443    5.443
            0.000000  0.404145  0.000000
  -56.650  -56.650  -34.193  -34.193  -32.142  -32.142  -32.032  -32.032  -14.112  -14.112
  -13.711  -13.711   -6.033   -6.033   -5.139   -5.138   -5.033   -5.033   -3.735   -3.735
   -2.935   -2.935   -2.530   -2.530   -1.953   -1.953    0.791    0.791    0.992    0.992
    1.774    1.774    2.518    2.518    4.743    4.743    5.145    5.145    5.245    5.245
    5.390    5.390
            0.000000  0.394523  0.000000
  -56.651  -56.651  -34.191  -34.191  -32.138  -32.138  -32.033  -32.033  -14.144  -14.144
  -13.725  -13.725   -5.987   -5.986   -5.111   -5.110   -5.022   -5.021   -3.710   -3.710
   -2.923   -2.923   -2.549   -2.549   -1.948   -1.948    0.793    0.793    0.971    0.971
    1.735    1.735    2.498    2.498    4.702    4.702    5.068    5.068    5.223    5.223
    5.407    5.407
            0.000000  0.384900  0.000000
  -56.651  -56.651  -34.189  -34.189  -32.135  -32.135  -32.033  -32.033  -14.176  -14.176
  -13.740  -13.740   -5.940   -5.940   -5.104   -5.103   -4.988   -4.987   -3.683   -3.683
   -2.911   -2.911   -2.568   -2.568   -1.941   -1.941    0.795    0.796    0.951    0.952
    1.695    1.695    2.476    2.476    4.652    4.652    4.991    4.991    5.161    5.161
    5.472    5.472
            0.000000  0.375278  0.000000
  -56.651  -56.651  -34.188  -34.188  -32.131  -32.131  -32.033  -32.033  -14.209  -14.209
  -13.755  -13.754   -5.896   -5.895   -5.107   -5.106   -4.940   -4.940   -3.655   -3.655
   -2.899   -2.899   -2.587   -2.587   -1.930   -1.930    0.800    0.800    0.932    0.932
    1.654    1.654    2.453    2.453    4.595    4.595    4.914    4.914    5.091    5.091
    5.547    5.547
            0.000000  0.365655  0.000000
  -56.652  -56.652  -34.186  -34.186  -32.127  -32.127  -32.033  -32.033  -14.242  -14.242
  -13.769  -13.769   -5.853   -5.853   -5.112   -5.112   -4.887   -4.887   -3.626   -3.626
   -2.888   -2.888   -2.605   -2.605   -1.915   -1.915    0.805    0.805    0.913    0.913
    1.612    1.612    2.429    2.429    4.535    4.535    4.838    4.838    5.021    5.021
    5.617    5.617
            0.000000  0.356033  0.000000
  -56.652  -56.652  -34.184  -34.184  -32.123  -32.123  -32.033  -32.033  -14.276  -14.276
  -13.785  -13.785   -5.814   -5.814   -5.116   -5.115   -4.830   -4.830   -3.596   -3.596
   -2.878   -2.878   -2.622   -2.622   -1.898   -1.898    0.812    0.812    0.895    0.895
    1.570    1.570    2.403    2.403    4.473    4.473    4.763    4.763    4.952    4.952
    5.676    5.676
            0.000000  0.346410  0.000000
  -56.653  -56.653  -34.183  -34.183  -32.119  -32.119  -32.033  -32.033  -14.310  -14.310
  -13.800  -13.800   -5.780   -5.780   -5.116   -5.115   -4.772   -4.772   -3.565   -3.565
   -2.871   -2.871   -2.636   -2.636   -1.877   -1.877    0.819    0.819    0.878    0.878
    1.527    1.527    2.376    2.376    4.410    4.410    4.689    4.689    4.884    4.884
    5.714    5.714
            0.000000  0.336788  0.000000
  -56.653  -56.653  -34.181  -34.181  -32.115  -32.115  -32.033  -32.033  -14.345  -14.345
  -13.816  -13.815   -5.752   -5.752   -5.109   -5.109   -4.712   -4.712   -3.533   -3.533
   -2.867   -2.867   -2.647   -2.647   -1.853   -1.853    0.827    0.827    0.864    0.864
    1.484    1.485    2.348    2.348    4.346    4.346    4.616    4.616    4.817    4.817
    5.661    5.661
            0.000000  0.327165  0.000000
  -56.654  -56.654  -34.179  -34.179  -32.111  -32.111  -32.033  -32.033  -14.379  -14.379
  -13.831  -13.831   -5.733   -5.733   -5.095   -5.095   -4.651   -4.651   -3.500   -3.500
   -2.867   -2.867   -2.652   -2.652   -1.826   -1.826    0.830    0.830    0.855    0.855
    1.442    1.442    2.318    2.318    4.282    4.282    4.544    4.544    4.752    4.752
    5.598    5.598
            0.000000  0.317543  0.000000
  -56.654  -56.654  -34.177  -34.177  -32.107  -32.107  -32.033  -32.033  -14.414  -14.414
  -13.847  -13.847   -5.723   -5.722   -5.073   -5.072   -4.590   -4.590   -3.466   -3.466
   -2.874   -2.874   -2.651   -2.651   -1.796   -1.796    0.824    0.824    0.860    0.860
    1.400    1.400    2.288    2.288    4.218    4.218    4.474    4.474    4.689    4.689
    5.535    5.535
            0.000000  0.307920  0.000000
  -56.655  -56.655  -34.175  -34.175  -32.103  -32.103  -32.033  -32.033  -14.449  -14.448
  -13.862  -13.862   -5.721   -5.721   -5.041   -5.041   -4.527   -4.527   -3.431   -3.431
   -2.886   -2.886   -2.644   -2.644   -1.764   -1.764    0.813    0.813    0.872    0.872
    1.359    1.359    2.256    2.256    4.154    4.155    4.406    4.406    4.627    4.627
    5.473    5.473
            0.000000  0.298298  0.000000
  -56.655  -56.655  -34.173  -34.173  -32.098  -32.098  -32.033  -32.033  -14.483  -14.483
  -13.878  -13.878   -5.727   -5.727   -5.002   -5.002   -4.465   -4.465   -3.396   -3.396
   -2.902   -2.902   -2.633   -2.633   -1.729   -1.729    0.803    0.803    0.886    0.886
    1.319    1.319    2.223    2.223    4.092    4.092    4.339    4.339    4.566    4.566
    5.412    5.412
            0.000000  0.288675  0.000000
  -56.656  -56.656  -34.172  -34.172  -32.094  -32.094  -32.033  -32.033  -14.517  -14.517
  -13.893  -13.893   -5.741   -5.741   -4.956   -4.955   -4.402   -4.401   -3.359   -3.359
   -2.922   -2.922   -2.617   -2.617   -1.693   -1.693    0.794    0.794    0.901    0.901
    1.280    1.280    2.189    2.189    4.031    4.031    4.273    4.273    4.507    4.507
    5.352    5.352
            0.000000  0.279053  0.000000
  -56.656  -56.656  -34.170  -34.170  -32.090  -32.090  -32.033  -32.033  -14.551  -14.551
  -13.909  -13.909   -5.760   -5.760   -4.903   -4.903   -4.338   -4.338   -3.323   -3.323
   -2.944   -2.944   -2.599   -2.599   -1.655   -1.655    0.787    0.787    0.918    0.918
    1.243    1.243    2.154    2.154    3.970    3.970    4.210    4.210    4.449    4.449
    5.293    5.293
            0.000000  0.269430  0.000000
  -56.657  -56.657  -34.168  -34.168  -32.086  -32.086  -32.033  -32.033  -14.584  -14.584
  -13.924  -13.924   -5.784   -5.784   -4.847   -4.847   -4.275   -4.275   -3.285   -3.285
   -2.968   -2.968   -2.579   -2.579   -1.616   -1.616    0.782    0.782    0.936    0.936
    1.208    1.208    2.118    2.118    3.911    3.911    4.148    4.148    4.392    4.392
    5.235    5.235
            0.000000  0.259808  0.000000
  -56.657  -56.657  -34.166  -34.166  -32.082  -32.082  -32.032  -32.032  -14.617  -14.617
  -13.939  -13.939   -5.811   -5.811   -4.786   -4.786   -4.212   -4.212   -3.248   -3.248
   -2.993   -2.993   -2.558   -2.558   -1.576   -1.576    0.779    0.779    0.955    0.955
    1.176    1.176    2.081    2.081    3.853    3.854    4.088    4.088    4.336    4.336
    5.178    5.178
            0.000000  0.250185  0.000000
  -56.658  -56.658  -34.164  -34.164  -32.078  -32.078  -32.032  -32.032  -14.650  -14.649
  -13.954  -13.953   -5.840   -5.840   -4.723   -4.723   -4.150   -4.149   -3.209   -3.209
   -3.019   -3.019   -2.535   -2.535   -1.536   -1.535    0.778    0.779    0.974    0.974
    1.146    1.146    2.044    2.044    3.797    3.797    4.030    4.030    4.282    4.282
    5.124    5.124
            0.000000  0.240563  0.000000
  -56.658  -56.658  -34.163  -34.163  -32.074  -32.074  -32.032  -32.032  -14.681  -14.681
  -13.968  -13.968   -5.872   -5.872   -4.658   -4.658   -4.088   -4.087   -3.171   -3.171
   -3.045   -3.044   -2.513   -2.513   -1.495   -1.495    0.781    0.781    0.993    0.994
    1.120    1.120    2.005    2.005    3.743    3.743    3.974    3.974    4.228    4.228
    5.070    5.070
            0.000000  0.230940  0.000000
  -56.659  -56.659  -34.161  -34.161  -32.070  -32.070  -32.031  -32.031  -14.712  -14.712
  -13.982  -13.982   -5.904   -5.904   -4.592   -4.592   -4.026   -4.026   -3.133   -3.133
   -3.070   -3.070   -2.491   -2.491   -1.455   -1.455    0.786    0.786    1.011    1.011
    1.100    1.100    1.966    1.967    3.689    3.690    3.920    3.920    4.175    4.175
    5.018    5.019
            0.000000  0.221318  0.000000
  -56.659  -56.659  -34.159  -34.159  -32.067  -32.067  -32.031  -32.031  -14.742  -14.742
  -13.996  -13.996   -5.937   -5.937   -4.525   -4.525   -3.965   -3.965   -3.103   -3.102
   -3.089   -3.088   -2.469   -2.469   -1.415   -1.415    0.794    0.794    1.022    1.022
    1.089    1.090    1.927    1.927    3.638    3.638    3.868    3.868    4.123    4.123
    4.968    4.968
            0.000000  0.211695  0.000000
  -56.660  -56.660  -34.157  -34.157  -32.064  -32.064  -32.030  -32.030  -14.772  -14.772
  -14.009  -14.009   -5.971   -5.971   -4.457   -4.457   -3.905   -3.905   -3.123   -3.123
   -3.054   -3.054   -2.448   -2.448   -1.376   -1.376    0.805    0.805    1.023    1.023
    1.094    1.094    1.888    1.888    3.588    3.588    3.818    3.818    4.072    4.072
    4.920    4.920
            0.000000  0.202073  0.000000
  -56.660  -56.660  -34.156  -34.156  -32.061  -32.061  -32.029  -32.029  -14.800  -14.800
  -14.022  -14.022   -6.004   -6.004   -4.389   -4.389   -3.846   -3.846   -3.148   -3.148
   -3.016   -3.016   -2.428   -2.428   -1.339   -1.339    0.819    0.820    1.016    1.016
    1.110    1.110    1.848    1.848    3.540    3.540    3.770    3.770    4.022    4.022
    4.874    4.874
            0.000000  0.192450  0.000000
  -56.661  -56.661  -34.154  -34.154  -32.058  -32.058  -32.028  -32.028  -14.828  -14.828
  -14.035  -14.035   -6.037   -6.037   -4.321   -4.321   -3.788   -3.788   -3.172   -3.172
   -2.978   -2.978   -2.409   -2.409   -1.303   -1.303    0.837    0.837    1.008    1.008
    1.130    1.130    1.808    1.808    3.493    3.493    3.723    3.724    3.972    3.972
    4.828    4.828
            0.000000  0.182828  0.000000
  -56.661  -56.661  -34.153  -34.153  -32.055  -32.055  -32.027  -32.027  -14.854  -14.854
  -14.047  -14.047   -6.070   -6.070   -4.254   -4.254   -3.731   -3.731   -3.195   -3.195
   -2.940   -2.940   -2.393   -2.393   -1.269   -1.269    0.857    0.857    1.003    1.003
    1.153    1.153    1.769    1.769    3.448    3.448    3.679    3.679    3.923    3.923
    4.783    4.783
            0.000000  0.173205  0.000000
  -56.662  -56.662  -34.151  -34.151  -32.053  -32.053  -32.025  -32.025  -14.880  -14.880
  -14.059  -14.059   -6.101   -6.101   -4.188   -4.188   -3.675   -3.675   -3.218   -3.217
   -2.903   -2.903   -2.378   -2.378   -1.236   -1.236    0.881    0.881    1.001    1.001
    1.177    1.177    1.730    1.730    3.404    3.404    3.637    3.638    3.874    3.874
    4.716    4.716
            0.000000  0.163583  0.000000
  -56.662  -56.662  -34.150  -34.150  -32.051  -32.051  -32.023  -32.023  -14.904  -14.904
  -14.070  -14.070   -6.132   -6.132   -4.123   -4.123   -3.621   -3.621   -3.238   -3.238
   -2.867   -2.867   -2.366   -2.366   -1.206   -1.206    0.907    0.907    1.002    1.002
    1.201    1.201    1.691    1.691    3.361    3.362    3.598    3.598    3.825    3.825
    4.634    4.635
            0.000000  0.153960  0.000000
  -56.662  -56.662  -34.149  -34.149  -32.050  -32.050  -32.021  -32.021  -14.927  -14.927
  -14.080  -14.080   -6.162   -6.162   -4.060   -4.060   -3.569   -3.569   -3.257   -3.257
   -2.832   -2.832   -2.356   -2.356   -1.178   -1.178    0.935    0.936    1.007    1.007
    1.225    1.225    1.654    1.654    3.320    3.321    3.560    3.560    3.776    3.776
    4.554    4.554
            0.000000  0.144338  0.000000
  -56.663  -56.663  -34.147  -34.147  -32.049  -32.049  -32.019  -32.019  -14.949  -14.949
  -14.090  -14.090   -6.190   -6.190   -3.998   -3.998   -3.519   -3.519   -3.274   -3.274
   -2.797   -2.797   -2.349   -2.349   -1.152   -1.152    0.966    0.966    1.016    1.016
    1.248    1.249    1.618    1.618    3.280    3.281    3.524    3.524    3.728    3.728
    4.476    4.476
            0.000000  0.134715  0.000000
  -56.663  -56.663  -34.146  -34.146  -32.048  -32.048  -32.017  -32.017  -14.970  -14.970
  -14.100  -14.100   -6.217   -6.217   -3.939   -3.938   -3.474   -3.474   -3.286   -3.286
   -2.765   -2.765   -2.344   -2.344   -1.129   -1.129    0.997    0.997    1.030    1.030
    1.272    1.272    1.583    1.583    3.241    3.242    3.491    3.491    3.679    3.679
    4.401    4.401
            0.000000  0.125093  0.000000
  -56.663  -56.663  -34.145  -34.145  -32.047  -32.047  -32.015  -32.015  -14.990  -14.990
  -14.109  -14.109   -6.243   -6.243   -3.882   -3.881   -3.437   -3.437   -3.290   -3.290
   -2.734   -2.734   -2.342   -2.341   -1.108   -1.108    1.025    1.025    1.051    1.052
    1.295    1.295    1.550    1.550    3.203    3.203    3.459    3.459    3.630    3.630
    4.331    4.331
            0.000000  0.115470  0.000000
  -56.664  -56.664  -34.144  -34.144  -32.046  -32.046  -32.013  -32.013  -15.008  -15.008
  -14.117  -14.117   -6.267   -6.267   -3.827   -3.827   -3.413   -3.413   -3.281   -3.281
   -2.705   -2.705   -2.342   -2.342   -1.089   -1.089    1.047    1.048    1.082    1.082
    1.317    1.317    1.519    1.519    3.166    3.166    3.430    3.430    3.582    3.582
    4.266    4.266
            0.000000  0.105848  0.000000
  -56.664  -56.664  -34.143  -34.143  -32.046  -32.046  -32.011  -32.011  -15.025  -15.025
  -14.125  -14.125   -6.289   -6.289   -3.776   -3.776   -3.404   -3.404   -3.256   -3.256
   -2.678   -2.678   -2.344   -2.344   -1.072   -1.072    1.068    1.068    1.116    1.117
    1.339    1.339    1.491    1.491    3.128    3.128    3.403    3.403    3.535    3.535
    4.207    4.207
            0.000000  0.096225  0.000000
  -56.664  -56.664  -34.142  -34.142  -32.045  -32.045  -32.009  -32.009  -15.040  -15.040
  -14.132  -14.132   -6.310   -6.310   -3.729   -3.729   -3.406   -3.406   -3.221   -3.221
   -2.654   -2.654   -2.348   -2.348   -1.057   -1.057    1.087    1.087    1.152    1.153
    1.358    1.358    1.467    1.467    3.091    3.091    3.378    3.378    3.490    3.490
    4.153    4.153
            0.000000  0.086603  0.000000
  -56.664  -56.664  -34.141  -34.141  -32.045  -32.045  -32.008  -32.008  -15.054  -15.054
  -14.138  -14.138   -6.329   -6.329   -3.685   -3.685   -3.412   -3.412   -3.183   -3.182
   -2.632   -2.632   -2.353   -2.353   -1.044   -1.044    1.106    1.106    1.188    1.188
    1.374    1.375    1.449    1.449    3.054    3.054    3.355    3.355    3.447    3.447
    4.106    4.106
            0.000000  0.076980  0.000000
  -56.665  -56.665  -34.140  -34.140  -32.044  -32.044  -32.006  -32.006  -15.067  -15.067
  -14.144  -14.144   -6.346   -6.346   -3.646   -3.645   -3.418   -3.418   -3.143   -3.143
   -2.615   -2.615   -2.360   -2.360   -1.032   -1.032    1.124    1.124    1.222    1.223
    1.383    1.384    1.442    1.442    3.017    3.017    3.335    3.335    3.408    3.408
    4.064    4.064
            0.000000  0.067358  0.000000
  -56.665  -56.665  -34.140  -34.140  -32.044  -32.044  -32.004  -32.004  -15.078  -15.078
  -14.149  -14.149   -6.361   -6.361   -3.611   -3.611   -3.425   -3.425   -3.105   -3.104
   -2.601   -2.601   -2.366   -2.366   -1.023   -1.023    1.140    1.140    1.254    1.254
    1.382    1.382    1.448    1.448    2.981    2.981    3.317    3.317    3.373    3.373
    4.028    4.028
            0.000000  0.057735  0.000000
  -56.665  -56.665  -34.139  -34.139  -32.044  -32.044  -32.003  -32.003  -15.088  -15.088
  -14.154  -14.154   -6.374   -6.374   -3.582   -3.582   -3.429   -3.429   -3.068   -3.068
   -2.591   -2.591   -2.372   -2.372   -1.015   -1.015    1.152    1.152    1.283    1.283
    1.377    1.377    1.463    1.463    2.946    2.946    3.301    3.301    3.342    3.342
    3.998    3.998
            0.000000  0.048113  0.000000
  -56.665  -56.665  -34.139  -34.139  -32.044  -32.044  -32.002  -32.002  -15.096  -15.096
  -14.158  -14.158   -6.386   -6.386   -3.558   -3.558   -3.432   -3.432   -3.034   -3.034
   -2.586   -2.586   -2.376   -2.376   -1.008   -1.008    1.161    1.162    1.307    1.307
    1.373    1.373    1.479    1.480    2.913    2.913    3.287    3.288    3.316    3.316
    3.973    3.973
            0.000000  0.038490  0.000000
  -56.665  -56.665  -34.138  -34.138  -32.044  -32.044  -32.001  -32.001  -15.103  -15.103
  -14.161  -14.161   -6.395   -6.395   -3.541   -3.541   -3.432   -3.432   -3.004   -3.004
   -2.584   -2.584   -2.379   -2.379   -1.003   -1.003    1.167    1.167    1.327    1.328
    1.371    1.371    1.496    1.496    2.883    2.883    3.276    3.276    3.295    3.295
    3.953    3.953
            0.000000  0.028868  0.000000
  -56.665  -56.665  -34.138  -34.138  -32.044  -32.044  -32.000  -32.000  -15.108  -15.108
  -14.163  -14.163   -6.402   -6.402   -3.529   -3.529   -3.430   -3.430   -2.978   -2.978
   -2.586   -2.586   -2.381   -2.381   -0.999   -0.999    1.171    1.171    1.343    1.343
    1.372    1.372    1.511    1.511    2.859    2.859    3.268    3.268    3.279    3.279
    3.937    3.937
            0.000000  0.019245  0.000000
  -56.666  -56.666  -34.138  -34.138  -32.044  -32.044  -32.000  -32.000  -15.112  -15.112
  -14.165  -14.165   -6.407   -6.407   -3.522   -3.522   -3.427   -3.427   -2.959   -2.959
   -2.588   -2.588   -2.382   -2.382   -0.996   -0.996    1.172    1.172    1.354    1.354
    1.373    1.373    1.522    1.522    2.840    2.840    3.261    3.262    3.267    3.268
    3.926    3.926
            0.000000  0.009623  0.000000
  -56.666  -56.666  -34.138  -34.138  -32.044  -32.044  -31.999  -31.999  -15.114  -15.114
  -14.166  -14.166   -6.410   -6.410   -3.518   -3.518   -3.425   -3.425   -2.947   -2.947
   -2.591   -2.591   -2.382   -2.382   -0.994   -0.994    1.173    1.173    1.360    1.360
    1.374    1.374    1.530    1.530    2.829    2.829    3.258    3.258    3.261    3.261
    3.920    3.920
            0.000000  0.000000  0.000000
  -56.666  -56.666  -34.138  -34.138  -32.044  -32.044  -31.999  -31.999  -15.115  -15.115
  -14.166  -14.166   -6.411   -6.411   -3.517   -3.517   -3.424   -3.424   -2.942   -2.942
   -2.592   -2.592   -2.382   -2.382   -0.994   -0.994    1.173    1.173    1.362    1.362
    1.375    1.375    1.532    1.532    2.825    2.825    3.257    3.257    3.258    3.258
    3.917    3.917
           -0.005556  0.009623  0.000000
  -56.666  -56.666  -34.138  -34.138  -32.044  -32.044  -31.999  -31.999  -15.114  -15.114
  -14.166  -14.166   -6.410   -6.410   -3.519   -3.519   -3.425   -3.425   -2.948   -2.948
   -2.590   -2.590   -2.382   -2.382   -0.994   -0.994    1.172    1.173    1.360    1.360
    1.374    1.374    1.529    1.529    2.830    2.830    3.258    3.258    3.261    3.262
    3.920    3.920
           -0.011111  0.019245  0.000000
  -56.665  -56.665  -34.138  -34.138  -32.044  -32.044  -32.000  -32.000  -15.111  -15.111
  -14.164  -14.164   -6.406   -6.406   -3.524   -3.524   -3.428   -3.428   -2.964   -2.964
   -2.589   -2.586   -2.383   -2.380   -0.997   -0.997    1.172    1.172    1.351    1.351
    1.373    1.373    1.519    1.519    2.845    2.845    3.263    3.263    3.271    3.271
    3.929    3.929
           -0.016667  0.028868  0.000000
  -56.665  -56.665  -34.138  -34.138  -32.044  -32.044  -32.001  -32.001  -15.106  -15.106
  -14.162  -14.162   -6.399   -6.399   -3.534   -3.533   -3.431   -3.431   -2.990   -2.989
   -2.590   -2.580   -2.385   -2.376   -1.000   -1.000    1.169    1.170    1.336    1.337
    1.371    1.372    1.504    1.505    2.870    2.870    3.271    3.272    3.286    3.286
    3.944    3.944
           -0.022222  0.038490  0.000000
  -56.665  -56.665  -34.139  -34.139  -32.044  -32.044  -32.002  -32.002  -15.099  -15.099
  -14.159  -14.159   -6.389   -6.389   -3.551   -3.550   -3.433   -3.431   -3.023   -3.020
   -2.595   -2.574   -2.387   -2.369   -1.006   -1.006    1.162    1.166    1.314    1.317
    1.372    1.373    1.485    1.487    2.901    2.901    3.283    3.283    3.308    3.308
    3.965    3.965
           -0.027778  0.048113  0.000000
  -56.665  -56.665  -34.139  -34.139  -32.044  -32.044  -32.003  -32.003  -15.090  -15.090
  -14.155  -14.155   -6.377   -6.377   -3.577   -3.575   -3.431   -3.429   -3.062   -3.057
   -2.608   -2.572   -2.389   -2.357   -1.013   -1.013    1.151    1.157    1.286    1.291
    1.376    1.377    1.465    1.467    2.938    2.938    3.298    3.298    3.336    3.336
    3.992    3.992
           -0.033333  0.057735  0.000000
  -56.665  -56.665  -34.140  -34.140  -32.044  -32.044  -32.004  -32.004  -15.079  -15.079
  -14.150  -14.150   -6.362   -6.362   -3.610   -3.607   -3.426   -3.424   -3.104   -3.098
   -2.627   -2.574   -2.390   -2.343   -1.022   -1.022    1.135    1.145    1.252    1.261
    1.382    1.384    1.449    1.450    2.978    2.978    3.316    3.316    3.370    3.371
    4.026    4.026
           -0.038889  0.067358  0.000000
  -56.665  -56.665  -34.141  -34.140  -32.045  -32.044  -32.006  -32.006  -15.066  -15.066
  -14.144  -14.144   -6.345   -6.345   -3.650   -3.646   -3.419   -3.418   -3.149   -3.141
   -2.653   -2.584   -2.389   -2.327   -1.033   -1.033    1.115    1.127    1.214    1.225
    1.378    1.390    1.437    1.447    3.020    3.020    3.337    3.337    3.411    3.411
    4.067    4.068
           -0.044444  0.076980  0.000000
  -56.664  -56.664  -34.141  -34.141  -32.045  -32.045  -32.008  -32.008  -15.051  -15.051
  -14.137  -14.137   -6.325   -6.324   -3.696   -3.692   -3.411   -3.411   -3.193   -3.186
   -2.685   -2.601   -2.386   -2.310   -1.047   -1.046    1.091    1.107    1.172    1.187
    1.362    1.381    1.446    1.462    3.063    3.063    3.361    3.361    3.458    3.458
    4.116    4.117
           -0.050000  0.086603  0.000000
  -56.664  -56.664  -34.142  -34.142  -32.045  -32.045  -32.010  -32.010  -15.034  -15.034
  -14.129  -14.129   -6.302   -6.302   -3.748   -3.743   -3.407   -3.403   -3.234   -3.230
   -2.723   -2.627   -2.381   -2.294   -1.062   -1.062    1.065    1.084    1.129    1.147
    1.338    1.362    1.471    1.489    3.106    3.106    3.388    3.388    3.508    3.508
    4.174    4.174
           -0.055556  0.096225  0.000000
  -56.664  -56.664  -34.144  -34.143  -32.046  -32.046  -32.013  -32.012  -15.016  -15.015
  -14.121  -14.121   -6.277   -6.277   -3.805   -3.799   -3.413   -3.400   -3.269   -3.265
   -2.766   -2.661   -2.375   -2.278   -1.081   -1.080    1.038    1.061    1.085    1.106
    1.311    1.338    1.504    1.522    3.150    3.150    3.417    3.418    3.562    3.562
    4.239    4.240
           -0.061111  0.105848  0.000000
  -56.663  -56.663  -34.145  -34.144  -32.047  -32.046  -32.015  -32.014  -14.995  -14.995
  -14.111  -14.111   -6.250   -6.250   -3.865   -3.860   -3.434   -3.411   -3.293   -3.279
   -2.813   -2.702   -2.369   -2.264   -1.101   -1.101    1.012    1.037    1.042    1.065
    1.283    1.313    1.541    1.560    3.193    3.194    3.450    3.451    3.618    3.618
    4.312    4.313
           -0.066667  0.115470  0.000000
  -56.663  -56.663  -34.146  -34.146  -32.047  -32.047  -32.018  -32.017  -14.973  -14.973
  -14.101  -14.101   -6.221   -6.220   -3.930   -3.924   -3.471   -3.442   -3.297   -3.277
   -2.866   -2.750   -2.363   -2.251   -1.125   -1.125    0.988    0.997    1.018    1.026
    1.253    1.287    1.583    1.603    3.238    3.238    3.486    3.486    3.675    3.675
    4.393    4.394
           -0.072222  0.125093  0.000000
  -56.663  -56.663  -34.148  -34.147  -32.049  -32.048  -32.020  -32.019  -14.950  -14.949
  -14.090  -14.090   -6.190   -6.189   -3.997   -3.991   -3.517   -3.486   -3.288   -3.265
   -2.922   -2.803   -2.357   -2.239   -1.151   -1.151    0.955    0.965    0.988    0.998
    1.222    1.260    1.628    1.648    3.283    3.283    3.525    3.525    3.733    3.733
    4.481    4.482
           -0.077778  0.134715  0.000000
  -56.662  -56.662  -34.149  -34.148  -32.050  -32.050  -32.023  -32.021  -14.924  -14.923
  -14.079  -14.079   -6.157   -6.155   -4.067   -4.061   -3.568   -3.536   -3.272   -3.248
   -2.983   -2.862   -2.352   -2.230   -1.181   -1.180    0.916    0.944    0.953    0.982
    1.191    1.233    1.677    1.696    3.330    3.330    3.566    3.567    3.791    3.791
    4.574    4.576
           -0.083333  0.144338  0.000000
  -56.662  -56.662  -34.151  -34.150  -32.052  -32.051  -32.025  -32.024  -14.897  -14.896
  -14.066  -14.066   -6.122   -6.120   -4.139   -4.133   -3.620   -3.588   -3.254   -3.228
   -3.046   -2.927   -2.348   -2.223   -1.213   -1.211    0.878    0.915    0.932    0.968
    1.161    1.206    1.727    1.746    3.379    3.379    3.610    3.611    3.849    3.849
    4.672    4.674
           -0.088889  0.153960  0.000000
  -56.661  -56.661  -34.153  -34.151  -32.054  -32.054  -32.027  -32.026  -14.869  -14.867
  -14.053  -14.053   -6.086   -6.083   -4.212   -4.206   -3.673   -3.642   -3.235   -3.207
   -3.113   -2.995   -2.345   -2.217   -1.248   -1.245    0.843    0.883    0.918    0.958
    1.131    1.180    1.779    1.798    3.429    3.429    3.658    3.658    3.908    3.908
    4.760    4.761
           -0.094444  0.163583  0.000000
  -56.661  -56.661  -34.154  -34.153  -32.056  -32.056  -32.029  -32.027  -14.839  -14.837
  -14.039  -14.039   -6.048   -6.045   -4.287   -4.281   -3.726   -3.697   -3.219   -3.184
   -3.178   -3.068   -2.344   -2.213   -1.286   -1.281    0.811    0.853    0.909    0.951
    1.102    1.155    1.833    1.851    3.481    3.482    3.707    3.708    3.967    3.967
    4.813    4.813
           -0.100000  0.173205  0.000000
  -56.660  -56.660  -34.156  -34.155  -32.059  -32.059  -32.030  -32.029  -14.807  -14.805
  -14.025  -14.025   -6.009   -6.006   -4.361   -4.357   -3.780   -3.753   -3.259   -3.189
   -3.163   -3.142   -2.344   -2.212   -1.326   -1.319    0.781    0.824    0.904    0.947
    1.075    1.132    1.888    1.906    3.536    3.536    3.760    3.761    4.027    4.027
    4.865    4.865
           -0.105556  0.182828  0.000000
  -56.660  -56.660  -34.158  -34.157  -32.063  -32.062  -32.032  -32.030  -14.775  -14.772
  -14.010  -14.010   -5.969   -5.965   -4.436   -4.432   -3.833   -3.809   -3.329   -3.223
   -3.171   -3.138   -2.345   -2.212   -1.368   -1.357    0.752    0.796    0.902    0.946
    1.052    1.111    1.944    1.960    3.593    3.593    3.816    3.817    4.088    4.088
    4.918    4.919
           -0.111111  0.192450  0.000000
  -56.659  -56.659  -34.160  -34.158  -32.067  -32.065  -32.033  -32.031  -14.741  -14.738
  -13.994  -13.994   -5.929   -5.924   -4.511   -4.508   -3.886   -3.867   -3.402   -3.303
   -3.152   -3.117   -2.348   -2.214   -1.411   -1.397    0.726    0.769    0.905    0.949
    1.032    1.094    2.000    2.015    3.652    3.652    3.874    3.875    4.150    4.151
    4.975    4.975
           -0.116667  0.202073  0.000000
  -56.659  -56.659  -34.162  -34.160  -32.071  -32.069  -32.034  -32.033  -14.706  -14.702
  -13.978  -13.978   -5.888   -5.883   -4.584   -4.583   -3.939   -3.926   -3.474   -3.384
   -3.135   -3.097   -2.353   -2.218   -1.454   -1.437    0.702    0.742    0.911    0.954
    1.016    1.080    2.055    2.070    3.714    3.714    3.935    3.936    4.214    4.215
    5.033    5.034
           -0.122222  0.211695  0.000000
  -56.658  -56.658  -34.165  -34.162  -32.075  -32.072  -32.034  -32.033  -14.670  -14.666
  -13.962  -13.961   -5.848   -5.841   -4.656   -4.656   -3.991   -3.986   -3.545   -3.466
   -3.121   -3.078   -2.359   -2.224   -1.498   -1.477    0.679    0.715    0.920    0.962
    1.005    1.070    2.111    2.124    3.778    3.778    3.999    4.000    4.279    4.280
    5.094    5.095
           -0.127778  0.221318  0.000000
  -56.657  -56.657  -34.167  -34.164  -32.080  -32.076  -32.035  -32.034  -14.633  -14.628
  -13.945  -13.944   -5.808   -5.800   -4.727   -4.725   -4.048   -4.045   -3.613   -3.547
   -3.109   -3.063   -2.366   -2.232   -1.542   -1.515    0.658    0.689    0.933    0.972
    0.997    1.065    2.165    2.178    3.844    3.845    4.065    4.066    4.346    4.348
    5.158    5.158
           -0.133333  0.230940  0.000000
  -56.657  -56.657  -34.169  -34.166  -32.084  -32.080  -32.036  -32.035  -14.596  -14.590
  -13.927  -13.927   -5.770   -5.760   -4.796   -4.792   -4.113   -4.099   -3.678   -3.627
   -3.101   -3.050   -2.376   -2.242   -1.584   -1.552    0.638    0.664    0.949    0.982
    0.994    1.065    2.219    2.230    3.913    3.914    4.134    4.135    4.415    4.417
    5.223    5.224
           -0.138889  0.240563  0.000000
  -56.656  -56.656  -34.171  -34.168  -32.089  -32.084  -32.036  -32.036  -14.557  -14.551
  -13.910  -13.909   -5.733   -5.722   -4.862   -4.854   -4.181   -4.154   -3.738   -3.704
   -3.096   -3.042   -2.387   -2.254   -1.624   -1.586    0.621    0.641    0.968    0.993
    0.995    1.071    2.271    2.280    3.984    3.985    4.206    4.206    4.486    4.488
    5.291    5.292
           -0.144444  0.250185  0.000000
  -56.656  -56.656  -34.174  -34.170  -32.094  -32.088  -32.036  -32.036  -14.518  -14.511
  -13.892  -13.891   -5.700   -5.686   -4.923   -4.912   -4.252   -4.212   -3.794   -3.777
   -3.097   -3.038   -2.400   -2.268   -1.661   -1.617    0.606    0.619    0.990    0.998
    1.003    1.084    2.321    2.329    4.058    4.059    4.280    4.280    4.558    4.561
    5.361    5.362
           -0.150000  0.259808  0.000000
  -56.655  -56.655  -34.176  -34.172  -32.099  -32.093  -32.037  -32.037  -14.479  -14.471
  -13.873  -13.873   -5.671   -5.655   -4.978   -4.964   -4.325   -4.272   -3.845   -3.845
   -3.103   -3.040   -2.414   -2.284   -1.695   -1.644    0.594    0.601    1.004    1.012
    1.015    1.101    2.369    2.375    4.134    4.136    4.356    4.357    4.633    4.636
    5.434    5.434
           -0.155556  0.269430  0.000000
  -56.655  -56.655  -34.178  -34.173  -32.104  -32.097  -32.038  -32.037  -14.439  -14.430
  -13.855  -13.854   -5.648   -5.630   -5.026   -5.008   -4.401   -4.335   -3.908   -3.891
   -3.114   -3.048   -2.431   -2.302   -1.725   -1.667    0.585    0.586    1.012    1.022
    1.041    1.123    2.414    2.419    4.212    4.214    4.435    4.436    4.709    4.713
    5.508    5.508
           -0.161111  0.279053  0.000000
  -56.654  -56.654  -34.181  -34.175  -32.109  -32.101  -32.038  -32.038  -14.399  -14.389
  -13.836  -13.836   -5.632   -5.612   -5.064   -5.042   -4.478   -4.401   -3.964   -3.932
   -3.131   -3.061   -2.449   -2.322   -1.750   -1.685    0.574    0.581    1.021    1.031
    1.071    1.149    2.457    2.460    4.292    4.295    4.517    4.517    4.788    4.792
    5.584    5.585
           -0.166667  0.288675  0.000000
  -56.653  -56.653  -34.183  -34.177  -32.114  -32.105  -32.039  -32.038  -14.358  -14.348
  -13.818  -13.817   -5.625   -5.604   -5.091   -5.066   -4.556   -4.471   -4.014   -3.969
   -3.155   -3.082   -2.469   -2.344   -1.771   -1.699    0.567    0.581    1.030    1.040
    1.102    1.177    2.498    2.499    4.374    4.378    4.600    4.601    4.868    4.873
    5.662    5.663
           -0.172222  0.298298  0.000000
  -56.653  -56.653  -34.185  -34.179  -32.119  -32.109  -32.040  -32.038  -14.318  -14.306
  -13.799  -13.798   -5.628   -5.606   -5.106   -5.079   -4.634   -4.543   -4.058   -4.001
   -3.184   -3.109   -2.490   -2.368   -1.786   -1.708    0.564    0.584    1.040    1.049
    1.134    1.207    2.534    2.535    4.458    4.463    4.686    4.686    4.951    4.957
    5.742    5.743
           -0.177778  0.307920  0.000000
  -56.652  -56.652  -34.188  -34.181  -32.123  -32.112  -32.040  -32.039  -14.278  -14.265
  -13.780  -13.779   -5.639   -5.619   -5.110   -5.080   -4.712   -4.616   -4.096   -4.029
   -3.218   -3.143   -2.513   -2.394   -1.797   -1.712    0.567    0.593    1.050    1.058
    1.169    1.240    2.566    2.569    4.544    4.550    4.774    4.774    5.035    5.042
    5.824    5.825
           -0.183333  0.317543  0.000000
  -56.652  -56.652  -34.190  -34.183  -32.128  -32.116  -32.041  -32.039  -14.238  -14.224
  -13.762  -13.761   -5.658   -5.640   -5.106   -5.073   -4.787   -4.691   -4.128   -4.053
   -3.259   -3.183   -2.538   -2.422   -1.802   -1.713    0.574    0.606    1.059    1.066
    1.204    1.273    2.595    2.600    4.631    4.638    4.864    4.865    5.122    5.130
    5.908    5.909
           -0.188889  0.327165  0.000000
  -56.651  -56.651  -34.192  -34.185  -32.133  -32.120  -32.042  -32.040  -14.198  -14.183
  -13.743  -13.742   -5.681   -5.667   -5.098   -5.060   -4.858   -4.766   -4.156   -4.074
   -3.304   -3.228   -2.563   -2.452   -1.804   -1.709    0.587    0.624    1.067    1.074
    1.241    1.308    2.621    2.628    4.719    4.728    4.957    4.957    5.210    5.219
    5.994    5.994
           -0.194444  0.336788  0.000000
  -56.651  -56.651  -34.195  -34.186  -32.137  -32.123  -32.043  -32.040  -14.159  -14.143
  -13.725  -13.724   -5.707   -5.696   -5.094   -5.042   -4.919   -4.840   -4.179   -4.091
   -3.353   -3.279   -2.590   -2.483   -1.801   -1.702    0.605    0.646    1.074    1.081
    1.278    1.343    2.643    2.653    4.808    4.818    5.051    5.051    5.300    5.310
    6.059    6.081
           -0.200000  0.346410  0.000000
  -56.650  -56.650  -34.197  -34.188  -32.141  -32.126  -32.044  -32.041  -14.121  -14.104
  -13.707  -13.706   -5.734   -5.727   -5.108   -5.024   -4.956   -4.910   -4.199   -4.106
   -3.407   -3.335   -2.618   -2.516   -1.794   -1.692    0.627    0.671    1.079    1.087
    1.316    1.378    2.663    2.674    4.896    4.909    5.147    5.147    5.391    5.402
    6.005    6.050
           -0.205556  0.356033  0.000000
  -56.650  -56.650  -34.199  -34.189  -32.146  -32.129  -32.044  -32.041  -14.083  -14.065
  -13.689  -13.688   -5.761   -5.757   -5.151   -5.022   -4.962   -4.961   -4.215   -4.117
   -3.465   -3.396   -2.648   -2.550   -1.783   -1.678    0.654    0.699    1.083    1.093
    1.353    1.414    2.679    2.693    4.983    4.999    5.245    5.245    5.483    5.495
    5.945    5.992
           -0.211111  0.365655  0.000000
  -56.649  -56.649  -34.201  -34.191  -32.150  -32.132  -32.045  -32.042  -14.046  -14.027
  -13.672  -13.671   -5.786   -5.785   -5.210   -5.072   -4.960   -4.950   -4.227   -4.125
   -3.525   -3.459   -2.678   -2.585   -1.769   -1.661    0.683    0.728    1.085    1.099
    1.391    1.449    2.693    2.710    5.067    5.086    5.344    5.345    5.573    5.586
    5.890    5.941
           -0.216667  0.375278  0.000000
  -56.649  -56.649  -34.203  -34.192  -32.154  -32.135  -32.046  -32.042  -14.010  -13.990
  -13.655  -13.654   -5.812   -5.808   -5.273   -5.136   -4.940   -4.931   -4.237   -4.130
   -3.589   -3.526   -2.709   -2.621   -1.752   -1.641    0.713    0.756    1.088    1.108
    1.428    1.483    2.704    2.724    5.145    5.168    5.445    5.446    5.655    5.665
    5.852    5.904
           -0.222222  0.384900  0.000000
  -56.648  -56.648  -34.205  -34.194  -32.157  -32.137  -32.047  -32.043  -13.976  -13.954
  -13.639  -13.637   -5.836   -5.827   -5.336   -5.202   -4.920   -4.911   -4.244   -4.133
   -3.654   -3.596   -2.741   -2.658   -1.732   -1.619    0.742    0.779    1.093    1.122
    1.463    1.517    2.714    2.736    5.213    5.239    5.548    5.548    5.704    5.715
    5.866    5.902
           -0.227778  0.394523  0.000000
  -56.648  -56.648  -34.207  -34.195  -32.161  -32.140  -32.048  -32.043  -13.942  -13.919
  -13.623  -13.622   -5.855   -5.843   -5.399   -5.265   -4.899   -4.890   -4.248   -4.133
   -3.722   -3.668   -2.774   -2.696   -1.709   -1.594    0.767    0.796    1.102    1.143
    1.498    1.549    2.721    2.747    5.263    5.290    5.651    5.651    5.704    5.739
    5.938    5.953
           -0.233333  0.404145  0.000000
  -56.647  -56.647  -34.208  -34.196  -32.164  -32.142  -32.049  -32.044  -13.910  -13.886
  -13.608  -13.606   -5.872   -5.855   -5.458   -5.326   -4.880   -4.870   -4.250   -4.131
   -3.792   -3.742   -2.807   -2.734   -1.683   -1.567    0.784    0.803    1.118    1.172
    1.531    1.579    2.728    2.757    5.289    5.312    5.711    5.750    5.756    5.760
    6.029    6.036
           -0.238889  0.413768  0.000000
  -56.647  -56.647  -34.210  -34.198  -32.167  -32.144  -32.050  -32.044  -13.880  -13.854
  -13.593  -13.592   -5.883   -5.863   -5.516   -5.384   -4.863   -4.852   -4.249   -4.126
   -3.862   -3.818   -2.841   -2.773   -1.655   -1.537    0.791    0.799    1.144    1.212
    1.562    1.607    2.734    2.766    5.290    5.302    5.738    5.779    5.862    5.862
    6.124    6.129
           -0.244444  0.423390  0.000000
  -56.647  -56.647  -34.212  -34.199  -32.170  -32.146  -32.051  -32.045  -13.851  -13.824
  -13.579  -13.578   -5.891   -5.866   -5.570   -5.438   -4.847   -4.836   -4.247   -4.119
   -3.934   -3.894   -2.875   -2.813   -1.624   -1.505    0.785    0.785    1.180    1.259
    1.590    1.632    2.739    2.775    5.269    5.270    5.777    5.814    5.968    5.968
    6.218    6.224
           -0.250000  0.433013  0.000000
  -56.646  -56.646  -34.213  -34.200  -32.173  -32.147  -32.052  -32.045  -13.824  -13.795
  -13.566  -13.564   -5.895   -5.865   -5.621   -5.490   -4.833   -4.821   -4.243   -4.110
   -4.006   -3.972   -2.909   -2.852   -1.592   -1.470    0.763    0.768    1.224    1.313
    1.616    1.654    2.745    2.784    5.227    5.237    5.810    5.846    6.074    6.074
    6.310    6.319
           -0.255556  0.442635  0.000000
  -56.646  -56.646  -34.215  -34.200  -32.175  -32.149  -32.053  -32.046  -13.798  -13.768
  -13.554  -13.552   -5.893   -5.859   -5.669   -5.538   -4.821   -4.808   -4.237   -4.101
   -4.078   -4.049   -2.942   -2.891   -1.557   -1.434    0.735    0.743    1.276    1.371
    1.638    1.674    2.751    2.793    5.179    5.198    5.829    5.866    6.179    6.181
    6.400    6.412
           -0.261111  0.452258  0.000000
  -56.646  -56.646  -34.216  -34.201  -32.178  -32.150  -32.054  -32.046  -13.774  -13.743
  -13.542  -13.540   -5.888   -5.848   -5.714   -5.583   -4.811   -4.798   -4.231   -4.153
   -4.126   -4.087   -2.975   -2.930   -1.521   -1.397    0.702    0.711    1.331    1.432
    1.658    1.690    2.758    2.803    5.131    5.157    5.829    5.869    6.285    6.287
    6.492    6.506
           -0.266667  0.461880  0.000000
  -56.645  -56.645  -34.217  -34.202  -32.180  -32.151  -32.055  -32.047  -13.752  -13.720
  -13.531  -13.530   -5.878   -5.833   -5.755   -5.625   -4.804   -4.790   -4.235   -4.224
   -4.193   -4.073   -3.007   -2.968   -1.485   -1.358    0.664    0.674    1.388    1.494
    1.674    1.704    2.765    2.814    5.084    5.116    5.810    5.855    6.389    6.392
    6.590    6.604
           -0.272222  0.471503  0.000000
  -56.645  -56.645  -34.218  -34.203  -32.182  -32.152  -32.056  -32.048  -13.732  -13.699
  -13.521  -13.520   -5.864   -5.812   -5.791   -5.663   -4.798   -4.784   -4.295   -4.292
   -4.204   -4.058   -3.038   -3.005   -1.447   -1.318    0.624    0.633    1.446    1.556
    1.687    1.714    2.774    2.825    5.040    5.078    5.778    5.825    6.492    6.496
    6.695    6.706
           -0.277778  0.481125  0.000000
  -56.645  -56.645  -34.219  -34.203  -32.183  -32.153  -32.057  -32.048  -13.714  -13.680
  -13.512  -13.510   -5.852   -5.819   -5.787   -5.697   -4.795   -4.782   -4.366   -4.364
   -4.196   -4.043   -3.068   -3.041   -1.410   -1.278    0.583    0.590    1.504    1.616
    1.696    1.721    2.784    2.838    5.001    5.043    5.737    5.785    6.592    6.598
    6.806    6.813
           -0.283333  0.490748  0.000000
  -56.645  -56.645  -34.220  -34.204  -32.185  -32.153  -32.058  -32.049  -13.698  -13.663
  -13.504  -13.502   -5.865   -5.813   -5.758   -5.727   -4.795   -4.783   -4.440   -4.430
   -4.187   -4.026   -3.097   -3.076   -1.373   -1.238    0.541    0.546    1.559    1.674
    1.703    1.726    2.794    2.851    4.966    5.013    5.690    5.738    6.689    6.697
    6.922    6.924
           -0.288889  0.500370  0.000000
  -56.645  -56.645  -34.221  -34.204  -32.186  -32.154  -32.059  -32.049  -13.683  -13.647
  -13.497  -13.495   -5.890   -5.788   -5.757   -5.720   -4.799   -4.788   -4.510   -4.492
   -4.177   -4.010   -3.123   -3.108   -1.337   -1.200    0.499    0.502    1.610    1.708
    1.723    1.733    2.805    2.864    4.938    4.989    5.641    5.688    6.783    6.792
    7.038    7.040
           -0.294444  0.509993  0.000000
  -56.644  -56.644  -34.222  -34.205  -32.187  -32.154  -32.060  -32.049  -13.671  -13.634
  -13.490  -13.489   -5.913   -5.780   -5.758   -5.682   -4.810   -4.800   -4.575   -4.546
   -4.167   -3.994   -3.147   -3.139   -1.303   -1.163    0.459    0.459    1.657    1.711
    1.727    1.780    2.817    2.877    4.916    4.971    5.590    5.635    6.870    6.882
    7.153    7.160
           -0.300000  0.519615  0.000000
  -56.644  -56.644  -34.222  -34.205  -32.188  -32.154  -32.060  -32.050  -13.660  -13.623
  -13.485  -13.483   -5.933   -5.800   -5.724   -5.639   -4.831   -4.820   -4.628   -4.590
   -4.157   -3.978   -3.168   -3.166   -1.271   -1.128    0.418    0.422    1.691    1.720
    1.726    1.825    2.828    2.890    4.901    4.961    5.540    5.582    6.951    6.965
    7.267    7.279
           -0.305556  0.529238  0.000000
  -56.644  -56.644  -34.223  -34.205  -32.189  -32.155  -32.061  -32.050  -13.651  -13.613
  -13.480  -13.479   -5.950   -5.817   -5.689   -5.592   -4.866   -4.849   -4.667   -4.623
   -4.149   -3.964   -3.190   -3.187   -1.243   -1.097    0.381    0.388    1.701    1.723
    1.746    1.864    2.839    2.901    4.893    4.957    5.491    5.530    7.023    7.039
    7.377    7.394
           -0.311111  0.538860  0.000000
  -56.644  -56.644  -34.223  -34.206  -32.190  -32.155  -32.061  -32.051  -13.644  -13.606
  -13.477  -13.475   -5.964   -5.830   -5.654   -5.543   -4.913   -4.884   -4.692   -4.646
   -4.141   -3.952   -3.211   -3.203   -1.219   -1.070    0.349    0.359    1.701    1.720
    1.775    1.896    2.848    2.912    4.892    4.961    5.444    5.479    7.084    7.103
    7.479    7.501
           -0.316667  0.548483  0.000000
  -56.644  -56.644  -34.223  -34.206  -32.190  -32.155  -32.062  -32.051  -13.639  -13.600
  -13.474  -13.472   -5.974   -5.841   -5.620   -5.494   -4.966   -4.921   -4.706   -4.660
   -4.135   -3.941   -3.227   -3.215   -1.199   -1.048    0.323    0.336    1.699    1.717
    1.799    1.921    2.856    2.921    4.897    4.970    5.403    5.433    7.133    7.153
    7.568    7.594
           -0.322222  0.558105  0.000000
  -56.644  -56.644  -34.224  -34.206  -32.190  -32.155  -32.062  -32.051  -13.635  -13.596
  -13.472  -13.470   -5.982   -5.848   -5.591   -5.447   -5.016   -4.953   -4.714   -4.669
   -4.131   -3.934   -3.239   -3.224   -1.185   -1.032    0.304    0.318    1.697    1.715
    1.816    1.939    2.862    2.927    4.905    4.984    5.367    5.393    7.168    7.190
    7.638    7.667
           -0.327778  0.567728  0.000000
  -56.644  -56.644  -34.224  -34.206  -32.191  -32.155  -32.062  -32.051  -13.633  -13.594
  -13.471  -13.469   -5.986   -5.852   -5.571   -5.411   -5.055   -4.975   -4.718   -4.674
   -4.129   -3.929   -3.246   -3.229   -1.177   -1.022    0.292    0.308    1.695    1.713
    1.826    1.950    2.866    2.932    4.914    4.997    5.343    5.364    7.188    7.211
    7.682    7.713
           -0.333333  0.577350  0.000000
  -56.644  -56.644  -34.224  -34.206  -32.191  -32.155  -32.063  -32.051  -13.632  -13.593
  -13.470  -13.469   -5.987   -5.853   -5.564   -5.396   -5.071   -4.983   -4.720   -4.676
   -4.128   -3.928   -3.248   -3.230   -1.174   -1.019    0.288    0.305    1.695    1.712
    1.830    1.954    2.868    2.933    4.918    5.003    5.334    5.353    7.195    7.218
    7.697    7.729
           -0.327778  0.577350  0.000000
  -56.644  -56.644  -34.224  -34.206  -32.191  -32.155  -32.063  -32.051  -13.632  -13.593
  -13.470  -13.469   -5.987   -5.853   -5.566   -5.400   -5.067   -4.981   -4.720   -4.675
   -4.128   -3.928   -3.248   -3.230   -1.175   -1.019    0.289    0.305    1.695    1.712
    1.829    1.953    2.867    2.933    4.917    5.001    5.336    5.356    7.193    7.216
    7.694    7.725
           -0.322222  0.577350  0.000000
  -56.644  -56.644  -34.224  -34.206  -32.191  -32.155  -32.062  -32.051  -13.633  -13.594
  -13.471  -13.469   -5.986   -5.852   -5.572   -5.411   -5.055   -4.975   -4.718   -4.674
   -4.129   -3.929   -3.246   -3.229   -1.177   -1.022    0.292    0.308    1.696    1.713
    1.827    1.950    2.866    2.931    4.913    4.995    5.344    5.366    7.189    7.212
    7.684    7.715
           -0.316667  0.577350  0.000000
  -56.644  -56.644  -34.224  -34.206  -32.191  -32.155  -32.062  -32.051  -13.634  -13.595
  -13.471  -13.469   -5.984   -5.850   -5.581   -5.428   -5.038   -4.965   -4.715   -4.671
   -4.129   -3.931   -3.243   -3.227   -1.180   -1.026    0.297    0.312    1.697    1.714
    1.823    1.946    2.864    2.929    4.906    4.986    5.357    5.381    7.182    7.205
    7.668    7.699
           -0.311111  0.577350  0.000000
  -56.644  -56.644  -34.224  -34.206  -32.191  -32.155  -32.062  -32.051  -13.635  -13.596
  -13.472  -13.470   -5.982   -5.848   -5.594   -5.450   -5.016   -4.953   -4.711   -4.666
   -4.131   -3.933   -3.240   -3.224   -1.185   -1.031    0.303    0.318    1.698    1.716
    1.817    1.941    2.862    2.927    4.896    4.973    5.376    5.403    7.173    7.195
    7.648    7.679
           -0.305556  0.577350  0.000000
  -56.644  -56.644  -34.223  -34.206  -32.190  -32.155  -32.062  -32.051  -13.636  -13.597
  -13.472  -13.471   -5.979   -5.845   -5.609   -5.475   -4.992   -4.939   -4.705   -4.660
   -4.132   -3.936   -3.235   -3.221   -1.190   -1.037    0.311    0.325    1.700    1.718
    1.810    1.933    2.858    2.923    4.884    4.958    5.399    5.430    7.162    7.183
    7.623    7.654
           -0.300000  0.577350  0.000000
  -56.644  -56.644  -34.223  -34.206  -32.190  -32.155  -32.062  -32.051  -13.638  -13.599
  -13.473  -13.472   -5.976   -5.842   -5.627   -5.502   -4.968   -4.923   -4.696   -4.651
   -4.134   -3.940   -3.229   -3.217   -1.197   -1.045    0.321    0.334    1.703    1.721
    1.802    1.925    2.854    2.918    4.869    4.940    5.428    5.461    7.149    7.170
    7.595    7.626
           -0.294444  0.577350  0.000000
  -56.644  -56.644  -34.223  -34.206  -32.190  -32.155  -32.062  -32.051  -13.640  -13.601
  -13.474  -13.473   -5.972   -5.838   -5.647   -5.530   -4.944   -4.907   -4.683   -4.639
   -4.136   -3.944   -3.223   -3.212   -1.205   -1.054    0.332    0.344    1.706    1.724
    1.793    1.915    2.849    2.913    4.853    4.920    5.460    5.496    7.134    7.155
    7.564    7.595
           -0.288889  0.577350  0.000000
  -56.644  -56.644  -34.223  -34.206  -32.190  -32.155  -32.061  -32.050  -13.642  -13.604
  -13.476  -13.474   -5.967   -5.834   -5.668   -5.559   -4.923   -4.892   -4.666   -4.624
   -4.138   -3.948   -3.216   -3.207   -1.214   -1.064    0.345    0.355    1.709    1.728
    1.783    1.904    2.843    2.907    4.835    4.899    5.495    5.535    7.119    7.138
    7.531    7.562
           -0.283333  0.577350  0.000000
  -56.644  -56.644  -34.223  -34.206  -32.190  -32.155  -32.061  -32.050  -13.644  -13.606
  -13.477  -13.475   -5.962   -5.829   -5.691   -5.589   -4.905   -4.878   -4.644   -4.605
   -4.141   -3.952   -3.209   -3.201   -1.223   -1.075    0.359    0.367    1.713    1.733
    1.771    1.892    2.836    2.900    4.815    4.877    5.534    5.577    7.102    7.121
    7.496    7.527
           -0.277778  0.577350  0.000000
  -56.644  -56.644  -34.223  -34.206  -32.190  -32.155  -32.061  -32.050  -13.647  -13.609
  -13.479  -13.477   -5.957   -5.824   -5.715   -5.620   -4.890   -4.867   -4.617   -4.581
   -4.143   -3.957   -3.201   -3.195   -1.233   -1.087    0.374    0.380    1.717    1.738
    1.760    1.879    2.829    2.892    4.795    4.855    5.576    5.621    7.084    7.103
    7.460    7.491
           -0.272222  0.577350  0.000000
  -56.644  -56.644  -34.223  -34.205  -32.189  -32.155  -32.060  -32.050  -13.650  -13.613
  -13.480  -13.479   -5.951   -5.819   -5.739   -5.650   -4.879   -4.857   -4.585   -4.554
   -4.145   -3.962   -3.192   -3.188   -1.244   -1.099    0.389    0.395    1.720    1.744
    1.750    1.866    2.820    2.883    4.775    4.832    5.621    5.668    7.066    7.084
    7.422    7.454
           -0.266667  0.577350  0.000000
  -56.644  -56.644  -34.222  -34.205  -32.189  -32.156  -32.060  -32.050  -13.653  -13.616
  -13.482  -13.480   -5.945   -5.813   -5.764   -5.681   -4.871   -4.850   -4.549   -4.522
   -4.148   -3.967   -3.183   -3.181   -1.255   -1.112    0.406    0.409    1.717    1.745
    1.750    1.851    2.811    2.873    4.753    4.808    5.668    5.717    7.047    7.064
    7.383    7.415
           -0.261111  0.577350  0.000000
  -56.644  -56.644  -34.222  -34.205  -32.189  -32.156  -32.059  -32.049  -13.656  -13.619
  -13.484  -13.482   -5.939   -5.806   -5.789   -5.711   -4.865   -4.845   -4.509   -4.487
   -4.150   -3.972   -3.174   -3.174   -1.267   -1.125    0.423    0.425    1.706    1.748
    1.757    1.837    2.801    2.862    4.731    4.784    5.717    5.768    7.028    7.045
    7.343    7.376
           -0.255556  0.577350  0.000000
  -56.644  -56.644  -34.222  -34.205  -32.189  -32.156  -32.059  -32.049  -13.660  -13.623
  -13.486  -13.484   -5.932   -5.815   -5.800   -5.742   -4.862   -4.842   -4.467   -4.449
   -4.152   -3.977   -3.167   -3.165   -1.279   -1.138    0.441    0.441    1.692    1.755
    1.763    1.823    2.790    2.851    4.709    4.761    5.767    5.821    7.009    7.025
    7.303    7.336
           -0.250000  0.577350  0.000000
  -56.644  -56.644  -34.222  -34.205  -32.188  -32.156  -32.058  -32.049  -13.663  -13.627
  -13.488  -13.486   -5.926   -5.839   -5.793   -5.772   -4.860   -4.840   -4.422   -4.409
   -4.154   -3.982   -3.159   -3.155   -1.292   -1.152    0.458    0.460    1.676    1.764
    1.766    1.812    2.778    2.839    4.687    4.737    5.820    5.875    6.989    7.004
    7.262    7.295
           -0.244444  0.577350  0.000000
  -56.644  -56.644  -34.222  -34.205  -32.188  -32.156  -32.058  -32.048  -13.667  -13.631
  -13.490  -13.488   -5.921   -5.863   -5.801   -5.786   -4.859   -4.839   -4.376   -4.366
   -4.155   -3.987   -3.151   -3.145   -1.304   -1.166    0.475    0.478    1.659    1.763
    1.773    1.807    2.766    2.826    4.664    4.712    5.874    5.931    6.970    6.984
    7.220    7.254
           -0.238889  0.577350  0.000000
  -56.644  -56.644  -34.221  -34.205  -32.188  -32.157  -32.057  -32.048  -13.671  -13.635
  -13.492  -13.491   -5.920   -5.881   -5.831   -5.779   -4.859   -4.839   -4.328   -4.322
   -4.156   -3.991   -3.144   -3.136   -1.317   -1.181    0.492    0.498    1.641    1.752
    1.784    1.812    2.753    2.812    4.642    4.688    5.929    5.988    6.950    6.964
    7.178    7.212
           -0.233333  0.577350  0.000000
  -56.644  -56.644  -34.221  -34.205  -32.188  -32.157  -32.056  -32.048  -13.675  -13.640
  -13.494  -13.493   -5.932   -5.887   -5.860   -5.771   -4.860   -4.839   -4.280   -4.276
   -4.156   -3.995   -3.136   -3.126   -1.330   -1.195    0.509    0.517    1.623    1.736
    1.796    1.821    2.740    2.798    4.619    4.664    5.986    6.046    6.931    6.944
    7.135    7.170
           -0.227778  0.577350  0.000000
  -56.644  -56.644  -34.221  -34.205  -32.187  -32.157  -32.056  -32.047  -13.679  -13.644
  -13.497  -13.495   -5.953   -5.889   -5.882   -5.764   -4.861   -4.841   -4.232   -4.228
   -4.154   -3.999   -3.128   -3.116   -1.343   -1.209    0.527    0.536    1.604    1.719
    1.809    1.833    2.726    2.783    4.596    4.641    6.043    6.105    6.911    6.924
    7.093    7.128
           -0.222222  0.577350  0.000000
  -56.645  -56.645  -34.220  -34.205  -32.187  -32.157  -32.055  -32.047  -13.683  -13.649
  -13.499  -13.498   -5.977   -5.917   -5.876   -5.756   -4.863   -4.843   -4.192   -4.180
   -4.143   -4.002   -3.120   -3.107   -1.356   -1.224    0.545    0.556    1.586    1.700
    1.823    1.846    2.711    2.767    4.574    4.617    6.102    6.164    6.892    6.904
    7.050    7.086
           -0.216667  0.577350  0.000000
  -56.645  -56.645  -34.220  -34.205  -32.187  -32.158  -32.054  -32.046  -13.687  -13.654
  -13.502  -13.500   -6.001   -5.945   -5.868   -5.749   -4.865   -4.845   -4.174   -4.132
   -4.108   -4.004   -3.112   -3.098   -1.369   -1.238    0.562    0.575    1.567    1.681
    1.837    1.860    2.696    2.751    4.551    4.593    6.160    6.224    6.873    6.884
    7.007    7.043
           -0.211111  0.577350  0.000000
  -56.645  -56.645  -34.220  -34.205  -32.186  -32.158  -32.054  -32.046  -13.691  -13.658
  -13.504  -13.503   -6.025   -5.972   -5.859   -5.741   -4.867   -4.848   -4.169   -4.085
   -4.060   -4.004   -3.104   -3.088   -1.382   -1.252    0.580    0.594    1.547    1.662
    1.853    1.875    2.680    2.734    4.529    4.570    6.219    6.284    6.853    6.865
    6.965    7.001
           -0.205556  0.577350  0.000000
  -56.645  -56.645  -34.220  -34.205  -32.186  -32.158  -32.053  -32.045  -13.695  -13.663
  -13.507  -13.505   -6.050   -5.999   -5.850   -5.733   -4.870   -4.851   -4.167   -4.045
   -4.007   -3.995   -3.096   -3.079   -1.395   -1.267    0.597    0.613    1.528    1.643
    1.869    1.891    2.664    2.717    4.506    4.547    6.277    6.343    6.834    6.846
    6.924    6.960
           -0.200000  0.577350  0.000000
  -56.645  -56.645  -34.219  -34.205  -32.186  -32.159  -32.052  -32.045  -13.700  -13.668
  -13.509  -13.508   -6.073   -6.025   -5.841   -5.726   -4.873   -4.854   -4.165   -4.029
   -3.962   -3.954   -3.088   -3.071   -1.408   -1.281    0.614    0.632    1.509    1.623
    1.886    1.909    2.647    2.699    4.484    4.524    6.333    6.401    6.815    6.827
    6.886    6.920
           -0.194444  0.577350  0.000000
  -56.645  -56.645  -34.219  -34.205  -32.186  -32.159  -32.051  -32.044  -13.704  -13.673
  -13.512  -13.510   -6.097   -6.051   -5.832   -5.718   -4.876   -4.857   -4.163   -4.026
   -3.914   -3.900   -3.081   -3.062   -1.421   -1.295    0.631    0.650    1.490    1.604
    1.904    1.927    2.631    2.681    4.462    4.501    6.387    6.454    6.795    6.809
    6.852    6.883
           -0.188889  0.577350  0.000000
  -56.645  -56.645  -34.219  -34.205  -32.185  -32.160  -32.050  -32.044  -13.708  -13.678
  -13.515  -13.513   -6.120   -6.076   -5.823   -5.711   -4.879   -4.861   -4.161   -4.026
   -3.863   -3.845   -3.073   -3.054   -1.434   -1.309    0.647    0.668    1.471    1.584
    1.923    1.945    2.614    2.663    4.441    4.478    6.436    6.500    6.776    6.791
    6.825    6.850
           -0.183333  0.577350  0.000000
  -56.645  -56.645  -34.218  -34.205  -32.185  -32.160  -32.050  -32.043  -13.713  -13.683
  -13.517  -13.516   -6.143   -6.101   -5.814   -5.703   -4.882   -4.865   -4.159   -4.026
   -3.811   -3.790   -3.066   -3.046   -1.446   -1.322    0.663    0.686    1.452    1.565
    1.943    1.965    2.597    2.645    4.419    4.456    6.476    6.532    6.759    6.774
    6.811    6.827
           -0.177778  0.577350  0.000000
  -56.645  -56.645  -34.218  -34.205  -32.185  -32.160  -32.049  -32.043  -13.717  -13.688
  -13.520  -13.518   -6.165   -6.125   -5.805   -5.696   -4.886   -4.868   -4.156   -4.027
   -3.758   -3.735   -3.059   -3.038   -1.459   -1.336    0.678    0.703    1.434    1.546
    1.963    1.985    2.580    2.626    4.398    4.433    6.501    6.541    6.744    6.755
    6.817    6.819
           -0.172222  0.577350  0.000000
  -56.645  -56.645  -34.218  -34.205  -32.184  -32.161  -32.048  -32.042  -13.721  -13.693
  -13.522  -13.521   -6.186   -6.148   -5.796   -5.689   -4.889   -4.872   -4.153   -4.027
   -3.704   -3.680   -3.052   -3.031   -1.471   -1.350    0.693    0.720    1.415    1.527
    1.984    2.006    2.563    2.608    4.376    4.412    6.506    6.528    6.729    6.736
    6.830    6.845
           -0.166667  0.577350  0.000000
  -56.645  -56.645  -34.217  -34.205  -32.184  -32.161  -32.047  -32.042  -13.725  -13.698
  -13.525  -13.524   -6.207   -6.171   -5.787   -5.683   -4.893   -4.876   -4.149   -4.027
   -3.651   -3.625   -3.044   -3.023   -1.484   -1.363    0.707    0.735    1.398    1.509
    2.005    2.028    2.546    2.589    4.356    4.390    6.493    6.499    6.713    6.716
    6.860    6.890
           -0.161111  0.577350  0.000000
  -56.645  -56.645  -34.217  -34.205  -32.184  -32.162  -32.046  -32.041  -13.730  -13.703
  -13.528  -13.526   -6.228   -6.194   -5.778   -5.676   -4.896   -4.880   -4.145   -4.026
   -3.598   -3.571   -3.037   -3.016   -1.496   -1.377    0.721    0.750    1.380    1.491
    2.027    2.050    2.529    2.571    4.335    4.368    6.461    6.466    6.697    6.697
    6.901    6.942
           -0.155556  0.577350  0.000000
  -56.645  -56.645  -34.217  -34.205  -32.184  -32.162  -32.046  -32.041  -13.734  -13.708
  -13.530  -13.529   -6.248   -6.215   -5.769   -5.670   -4.900   -4.884   -4.140   -4.025
   -3.545   -3.517   -3.030   -3.009   -1.508   -1.390    0.734    0.765    1.364    1.474
    2.048    2.072    2.513    2.553    4.314    4.347    6.420    6.432    6.678    6.680
    6.948    6.997
           -0.150000  0.577350  0.000000
  -56.645  -56.645  -34.216  -34.205  -32.183  -32.163  -32.045  -32.040  -13.738  -13.713
  -13.533  -13.531   -6.267   -6.236   -5.760   -5.664   -4.903   -4.888   -4.135   -4.024
   -3.492   -3.463   -3.022   -3.003   -1.521   -1.403    0.746    0.778    1.348    1.457
    2.070    2.094    2.498    2.535    4.294    4.326    6.376    6.392    6.659    6.663
    6.995    7.051
           -0.144444  0.577350  0.000000
  -56.645  -56.645  -34.216  -34.205  -32.183  -32.163  -32.044  -32.040  -13.742  -13.717
  -13.535  -13.534   -6.286   -6.256   -5.752   -5.658   -4.907   -4.892   -4.130   -4.022
   -3.440   -3.411   -3.013   -2.996   -1.533   -1.417    0.758    0.791    1.332    1.440
    2.092    2.117    2.483    2.518    4.275    4.306    6.331    6.350    6.639    6.646
    7.026    7.087
           -0.138889  0.577350  0.000000
  -56.645  -56.645  -34.216  -34.205  -32.183  -32.164  -32.043  -32.039  -13.746  -13.722
  -13.538  -13.536   -6.304   -6.276   -5.743   -5.652   -4.910   -4.896   -4.124   -4.020
   -3.389   -3.361   -3.004   -2.989   -1.545   -1.430    0.768    0.803    1.318    1.424
    2.114    2.139    2.469    2.502    4.255    4.286    6.286    6.306    6.618    6.627
    7.008    7.033
           -0.133333  0.577350  0.000000
  -56.646  -56.646  -34.215  -34.205  -32.182  -32.164  -32.042  -32.039  -13.749  -13.727
  -13.540  -13.539   -6.322   -6.295   -5.735   -5.647   -4.914   -4.900   -4.118   -4.018
   -3.339   -3.312   -2.994   -2.981   -1.557   -1.444    0.778    0.813    1.304    1.409
    2.134    2.161    2.457    2.487    4.236    4.266    6.240    6.262    6.595    6.607
    6.959    6.970
           -0.127778  0.577350  0.000000
  -56.646  -56.646  -34.215  -34.205  -32.182  -32.165  -32.042  -32.038  -13.753  -13.731
  -13.542  -13.541   -6.339   -6.313   -5.727   -5.642   -4.917   -4.904   -4.111   -4.016
   -3.291   -3.266   -2.981   -2.972   -1.570   -1.457    0.787    0.823    1.292    1.395
    2.154    2.182    2.447    2.473    4.217    4.246    6.195    6.217    6.570    6.585
    6.905    6.909
           -0.122222  0.577350  0.000000
  -56.646  -56.646  -34.215  -34.205  -32.182  -32.165  -32.041  -32.038  -13.757  -13.735
  -13.545  -13.544   -6.355   -6.331   -5.719   -5.638   -4.920   -4.908   -4.104   -4.013
   -3.245   -3.224   -2.966   -2.962   -1.582   -1.471    0.795    0.832    1.280    1.382
    2.171    2.201    2.440    2.462    4.199    4.227    6.150    6.173    6.542    6.560
    6.852    6.855
           -0.116667  0.577350  0.000000
  -56.646  -56.646  -34.214  -34.205  -32.182  -32.165  -32.040  -32.037  -13.760  -13.740
  -13.547  -13.546   -6.371   -6.348   -5.712   -5.634   -4.923   -4.912   -4.097   -4.010
   -3.202   -3.187   -2.950   -2.946   -1.595   -1.485    0.803    0.839    1.270    1.369
    2.187    2.218    2.435    2.453    4.181    4.208    6.106    6.129    6.510    6.532
    6.802    6.809
           -0.111111  0.577350  0.000000
  -56.646  -56.646  -34.214  -34.205  -32.181  -32.166  -32.039  -32.037  -13.763  -13.744
  -13.549  -13.548   -6.386   -6.364   -5.705   -5.630   -4.927   -4.916   -4.090   -4.006
   -3.164   -3.155   -2.935   -2.922   -1.608   -1.499    0.809    0.845    1.260    1.357
    2.198    2.232    2.434    2.449    4.163    4.189    6.063    6.086    6.474    6.498
    6.758    6.768
           -0.105556  0.577350  0.000000
  -56.646  -56.646  -34.214  -34.205  -32.181  -32.166  -32.039  -32.036  -13.766  -13.748
  -13.551  -13.550   -6.400   -6.379   -5.698   -5.626   -4.930   -4.919   -4.082   -4.003
   -3.131   -3.129   -2.915   -2.893   -1.620   -1.513    0.814    0.850    1.252    1.346
    2.206    2.242    2.438    2.449    4.146    4.171    6.021    6.043    6.434    6.459
    6.722    6.734
           -0.100000  0.577350  0.000000
  -56.646  -56.646  -34.213  -34.205  -32.181  -32.167  -32.038  -32.036  -13.769  -13.752
  -13.553  -13.552   -6.413   -6.394   -5.691   -5.623   -4.933   -4.923   -4.074   -4.000
   -3.110   -3.104   -2.890   -2.859   -1.633   -1.528    0.819    0.854    1.245    1.335
    2.211    2.247    2.446    2.453    4.129    4.154    5.981    6.002    6.390    6.416
    6.692    6.706
           -0.094444  0.577350  0.000000
  -56.646  -56.646  -34.213  -34.205  -32.180  -32.167  -32.037  -32.035  -13.772  -13.756
  -13.555  -13.554   -6.426   -6.408   -5.684   -5.620   -4.935   -4.926   -4.067   -3.996
   -3.095   -3.083   -2.860   -2.821   -1.647   -1.543    0.823    0.857    1.239    1.326
    2.211    2.247    2.458    2.463    4.113    4.137    5.941    5.963    6.345    6.370
    6.668    6.682
           -0.088889  0.577350  0.000000
  -56.646  -56.646  -34.213  -34.205  -32.180  -32.168  -32.037  -32.035  -13.775  -13.759
  -13.557  -13.556   -6.438   -6.421   -5.678   -5.617   -4.938   -4.929   -4.059   -3.992
   -3.084   -3.068   -2.825   -2.782   -1.660   -1.558    0.826    0.859    1.235    1.317
    2.209    2.244    2.472    2.477    4.097    4.120    5.904    5.925    6.298    6.322
    6.648    6.662
           -0.083333  0.577350  0.000000
  -56.646  -56.646  -34.212  -34.205  -32.180  -32.168  -32.036  -32.034  -13.777  -13.763
  -13.558  -13.558   -6.450   -6.434   -5.672   -5.615   -4.941   -4.932   -4.051   -3.989
   -3.075   -3.058   -2.788   -2.741   -1.674   -1.574    0.829    0.860    1.231    1.309
    2.205    2.239    2.489    2.493    4.083    4.104    5.868    5.888    6.251    6.273
    6.632    6.645
           -0.077778  0.577350  0.000000
  -56.646  -56.646  -34.212  -34.205  -32.179  -32.169  -32.036  -32.034  -13.780  -13.766
  -13.560  -13.559   -6.460   -6.446   -5.666   -5.613   -4.943   -4.935   -4.043   -3.985
   -3.069   -3.050   -2.749   -2.699   -1.687   -1.590    0.830    0.860    1.228    1.302
    2.200    2.231    2.508    2.511    4.068    4.089    5.834    5.853    6.204    6.225
    6.618    6.630
           -0.072222  0.577350  0.000000
  -56.646  -56.646  -34.212  -34.206  -32.179  -32.169  -32.035  -32.034  -13.782  -13.769
  -13.562  -13.561   -6.470   -6.457   -5.661   -5.611   -4.945   -4.938   -4.035   -3.982
   -3.064   -3.045   -2.710   -2.658   -1.701   -1.606    0.832    0.859    1.227    1.295
    2.193    2.223    2.527    2.530    4.055    4.074    5.802    5.820    6.159    6.178
    6.607    6.617
           -0.066667  0.577350  0.000000
  -56.646  -56.646  -34.211  -34.206  -32.179  -32.170  -32.035  -32.033  -13.784  -13.772
  -13.563  -13.562   -6.479   -6.467   -5.656   -5.610   -4.947   -4.941   -4.028   -3.978
   -3.060   -3.041   -2.670   -2.617   -1.715   -1.623    0.832    0.858    1.226    1.289
    2.186    2.214    2.547    2.550    4.042    4.060    5.772    5.789    6.115    6.133
    6.597    6.606
           -0.061111  0.577350  0.000000
  -56.646  -56.646  -34.211  -34.206  -32.179  -32.170  -32.034  -32.033  -13.786  -13.775
  -13.564  -13.564   -6.488   -6.476   -5.651   -5.608   -4.949   -4.943   -4.020   -3.975
   -3.056   -3.039   -2.631   -2.578   -1.729   -1.640    0.833    0.856    1.225    1.284
    2.180    2.205    2.567    2.569    4.030    4.047    5.745    5.761    6.074    6.090
    6.588    6.597
           -0.055556  0.577350  0.000000
  -56.646  -56.646  -34.211  -34.206  -32.178  -32.171  -32.034  -32.033  -13.787  -13.778
  -13.566  -13.565   -6.495   -6.485   -5.646   -5.608   -4.951   -4.946   -4.013   -3.972
   -3.054   -3.037   -2.593   -2.540   -1.743   -1.658    0.833    0.854    1.226    1.279
    2.173    2.196    2.585    2.588    4.019    4.034    5.719    5.734    6.035    6.049
    6.581    6.588
           -0.050000  0.577350  0.000000
  -56.646  -56.646  -34.210  -34.206  -32.178  -32.171  -32.033  -32.032  -13.789  -13.780
  -13.567  -13.566   -6.502   -6.493   -5.642   -5.607   -4.953   -4.948   -4.007   -3.970
   -3.051   -3.036   -2.556   -2.504   -1.756   -1.675    0.832    0.851    1.227    1.274
    2.167    2.188    2.603    2.605    4.009    4.023    5.696    5.710    5.999    6.012
    6.574    6.581
           -0.044444  0.577350  0.000000
  -56.646  -56.646  -34.210  -34.206  -32.178  -32.171  -32.033  -32.032  -13.790  -13.782
  -13.568  -13.567   -6.508   -6.500   -5.638   -5.607   -4.954   -4.950   -4.000   -3.967
   -3.050   -3.036   -2.521   -2.471   -1.769   -1.693    0.832    0.849    1.228    1.270
    2.161    2.179    2.620    2.622    4.000    4.012    5.676    5.687    5.966    5.978
    6.568    6.574
           -0.038889  0.577350  0.000000
  -56.646  -56.646  -34.210  -34.206  -32.177  -32.172  -32.033  -32.032  -13.791  -13.784
  -13.569  -13.568   -6.514   -6.506   -5.634   -5.607   -4.955   -4.952   -3.994   -3.966
   -3.048   -3.036   -2.488   -2.440   -1.780   -1.710    0.832    0.846    1.230    1.267
    2.156    2.172    2.636    2.637    3.992    4.003    5.657    5.668    5.937    5.947
    6.564    6.569
           -0.033333  0.577350  0.000000
  -56.646  -56.646  -34.209  -34.207  -32.177  -32.172  -32.032  -32.032  -13.792  -13.786
  -13.569  -13.569   -6.518   -6.512   -5.630   -5.607   -4.956   -4.953   -3.989   -3.964
   -3.047   -3.036   -2.457   -2.413   -1.791   -1.727    0.831    0.843    1.232    1.263
    2.152    2.165    2.650    2.651    3.985    3.994    5.641    5.651    5.911    5.919
    6.559    6.564
           -0.027778  0.577350  0.000000
  -56.646  -56.646  -34.209  -34.207  -32.177  -32.173  -32.032  -32.032  -13.793  -13.788
  -13.570  -13.570   -6.522   -6.517   -5.627   -5.608   -4.957   -4.955   -3.984   -3.963
   -3.045   -3.036   -2.429   -2.389   -1.800   -1.744    0.831    0.841    1.234    1.260
    2.148    2.159    2.662    2.663    3.979    3.987    5.628    5.636    5.889    5.896
    6.556    6.560
           -0.022222  0.577350  0.000000
  -56.646  -56.646  -34.209  -34.207  -32.176  -32.173  -32.032  -32.031  -13.793  -13.789
  -13.571  -13.570   -6.525   -6.521   -5.624   -5.608   -4.958   -4.956   -3.979   -3.963
   -3.044   -3.037   -2.404   -2.370   -1.807   -1.760    0.831    0.839    1.236    1.257
    2.145    2.154    2.672    2.673    3.974    3.981    5.617    5.623    5.871    5.876
    6.553    6.556
           -0.016667  0.577350  0.000000
  -56.646  -56.646  -34.209  -34.207  -32.176  -32.174  -32.032  -32.031  -13.793  -13.790
  -13.571  -13.571   -6.527   -6.524   -5.621   -5.609   -4.958   -4.957   -3.975   -3.963
   -3.043   -3.038   -2.383   -2.356   -1.811   -1.774    0.831    0.837    1.238    1.254
    2.143    2.150    2.680    2.680    3.971    3.976    5.609    5.614    5.857    5.861
    6.551    6.554
           -0.011111  0.577350  0.000000
  -56.646  -56.646  -34.208  -34.207  -32.176  -32.174  -32.032  -32.031  -13.793  -13.791
  -13.571  -13.571   -6.529   -6.527   -5.618   -5.611   -4.959   -4.957   -3.972   -3.964
   -3.042   -3.039   -2.366   -2.347   -1.812   -1.787    0.831    0.835    1.241    1.251
    2.142    2.147    2.686    2.686    3.969    3.972    5.603    5.606    5.847    5.849
    6.550    6.552
           -0.005556  0.577350  0.000000
  -56.646  -56.646  -34.208  -34.208  -32.175  -32.174  -32.031  -32.031  -13.793  -13.792
  -13.571  -13.571   -6.529   -6.528   -5.616   -5.612   -4.959   -4.958   -3.969   -3.965
   -3.041   -3.039   -2.353   -2.343   -1.810   -1.797    0.832    0.833    1.243    1.248
    2.142    2.144    2.689    2.689    3.968    3.969    5.600    5.602    5.841    5.842
    6.550    6.550
            0.000000  0.577350  0.000000
  -56.646  -56.646  -34.208  -34.208  -32.175  -32.175  -32.031  -32.031  -13.793  -13.793
  -13.571  -13.571   -6.529   -6.529   -5.614   -5.614   -4.958   -4.958   -3.966   -3.966
   -3.040   -3.040   -2.345   -2.345   -1.805   -1.805    0.832    0.832    1.246    1.246
    2.142    2.142    2.690    2.690    3.968    3.968    5.600    5.600    5.839    5.839
    6.550    6.550
