0.22620278 0.75253223 0.42014222
0.22619239 0.41917243 0.42014221
0.22618193 0.08581159 0.42014204
0.55954327 0.75253294 0.42014199
0.55953294 0.41917264 0.4201421 
0.55952251 0.0858117  0.420142  
0.89288235 0.75253266 0.42014202
0.89287237 0.41917185 0.42014213
0.89286121 0.08581162 0.42014201
0.22620278 0.75253223 0.57988927
0.22619239 0.41917243 0.57988927
0.22618193 0.08581159 0.57988944
0.55954327 0.75253294 0.57988949
0.55953294 0.41917264 0.57988939
0.55952251 0.0858117  0.57988948
0.89288235 0.75253266 0.57988946
0.89287237 0.41917185 0.57988935
0.89286121 0.08581162 0.57988947